0.00
-0.14
-0.15
-0.15
-0.11
-0.13
-0.15
-0.18
-0.20
-0.18
-0.18
-0.17
-0.20
-0.22
-0.22
-0.18
-0.17
-0.20
-0.20
-0.17
-0.17
-0.22
-0.28
-0.29
-0.23
-0.22
-0.23
-0.24
-0.22
-0.18
-0.15
-0.13
-0.02
0.05
0.10
0.16
0.04
-0.13
-0.42
-0.84
-1.79
-2.45
-3.11
-3.76
-4.82
-5.32
-5.73
-6.06
-6.57
-6.89
-7.22
-7.56
-8.26
-8.75
-9.29
-9.88
-10.93
-11.61
-12.27
-12.91
-13.82
-14.22
-14.46
-14.54
-14.43
-14.32
-14.20
-14.08
-13.96
-13.93
-13.96
-14.03
-14.26
-14.44
-14.60
-14.78
-15.13
-15.35
-15.58
-15.80
-16.18
-16.38
-16.58
-16.80
-17.20
-17.42
-17.64
-17.84
-18.14
-18.32
-18.54
-18.80
-19.25
-19.50
-19.73
-19.96
-20.36
-20.61
-20.79
-20.96
-21.03
-21.36
-21.66
-21.65
-21.39
-21.20
-20.97
-20.54
-19.86
-19.68
-19.47
-19.19
-18.77
-18.63
-18.66
-18.80
-19.18
-19.44
-19.78
-20.16
-20.91
-21.42
-21.95
-22.44
-23.22
-23.58
-23.82
-23.94
-23.89
-23.76
-23.56
-23.30
-22.82
-22.54
-22.26
-22.03
-21.77
-21.68
-21.62
-21.59
-21.61
-21.61
-21.61
-21.64
-21.60
-21.64
-21.67
-21.71
-21.71
-21.75
-21.77
-21.78
-21.83
-21.90
-21.92
-21.95
-22.00
-22.01
-22.02
-22.05
-22.00
-21.92
-21.79
-21.67
-21.41
-21.17
-20.93
-20.67
-20.15
-19.78
-19.38
-18.95
-18.15
-17.63
-17.06
-16.48
-15.39
-14.67
-13.94
-13.15
-11.72
-10.82
-9.86
-8.87
-7.08
-5.95
-4.79
-3.56
-1.41
-0.07
1.32
2.76
5.28
6.85
8.48
10.16
13.07
14.88
16.74
18.65
21.96
24.00
26.08
29.69
31.92
34.19
36.53
40.54
43.02
45.55
48.12
52.50
55.20
57.94
60.74
65.49
68.42
71.40
74.42
79.53
82.67
85.83
88.85
94.65
97.97
101.33
104.74
110.55
114.11
117.72
121.37
127.56
131.33
135.15
139.00
145.50
149.44
153.41
157.41
164.14
168.23
172.34
176.47
-176.58
-172.38
-168.16
-163.94
-156.94
-152.66
-148.34
-144.03
-136.85
-132.57
-128.23
-123.86
-116.60
-112.26
-107.88
-103.47
-96.23
-92.13
-86.98
-82.73
-75.33
-70.87
-66.40
-61.93
-54.43
-49.91
-45.38
-37.84
-33.27
-28.66
-24.02
-16.26
-11.54
-6.79
-1.98
6.10
10.99
15.93
20.93
29.34
34.44
39.59
44.78
53.55
58.87
64.22
69.62
78.65
84.10
89.01
95.34
104.65
110.32
116.03
121.79
131.44
137.28
143.15
149.05
158.96
164.90
170.85
176.82
-173.21
-167.25
-161.30
-155.31
-145.28
-139.27
-133.29
-127.33
-117.30
-111.27
-105.29
-99.33
-88.43
-83.00
-77.00
-70.93
-60.78
-54.68
-48.57
-42.44
-32.15
-25.96
-19.76
-13.53
-3.01
3.37
9.78
20.53
27.02
33.54
44.53
51.17
57.83
64.56
75.88
82.69
88.92
96.63
108.15
115.15
122.19
129.28
141.15
148.30
155.43
162.57
174.48
-178.39
-171.24
-164.12
-152.25
-145.10
-137.98
-130.90
-119.09
-111.97
-104.87
-97.83
-85.68
-78.68
-71.57
-64.42
-52.49
-45.34
-38.15
-30.90
-18.76
-11.45
-4.15
3.21
15.65
23.15
30.68
38.25
50.97
58.67
66.40
74.17
87.03
95.15
102.95
110.86
124.13
132.13
140.15
148.15
161.49
169.49
177.49
-174.53
-161.26
-153.37
-145.49
-132.27
-124.36
-116.50
-108.67
-95.67
-87.27
-79.67
-71.84
-58.65
-50.70
-42.73
-34.77
-21.44
-13.35
-5.25
2.91
16.60
24.85
33.16
41.51
55.51
63.96
72.46
80.97
95.44
104.01
112.64
121.31
135.79
144.50
153.20
161.91
176.39
-174.96
-166.30
-157.71
-143.47
-134.93
-126.39
-117.88
-103.78
-95.42
-86.53
-78.21
-64.05
-55.51
-46.97
-38.42
-24.10
-15.45
-6.75
1.97
16.67
25.53
34.41
43.35
58.34
67.38
76.47
85.55
101.03
110.25
119.50
128.75
144.18
153.42
162.68
178.06
-172.72
-163.57
-154.44
-139.36
-130.32
-121.27
-112.24
-97.36
-87.86
-79.22
-70.22
-55.13
-46.08
-37.01
-27.90
-12.63
-3.39
5.87
15.20
30.84
40.28
49.77
59.30
75.26
84.86
94.77
104.45
120.74
130.54
140.33
150.11
166.37
176.08
-174.26
-164.61
-148.69
-139.19
-129.68
-120.18
-104.46
-95.16
-85.40
-76.09
-60.25
-50.71
-41.19
-31.68
-15.71
-6.03
3.71
13.48
29.86
39.76
49.70
59.69
76.43
86.44
96.85
107.04
124.12
134.38
144.62
161.60
171.76
-178.16
-168.08
-151.42
-141.52
-131.64
-121.75
-105.36
-95.66
-85.51
-75.79
-59.30
-49.40
-39.51
-29.60
-12.93
-2.89
7.22
17.38
34.37
44.65
54.98
65.33
82.71
93.47
103.92
114.52
132.18
142.75
153.29
163.80
-178.81
-168.42
-158.06
-147.79
-130.84
-120.68
-110.56
-100.47
-83.39
-73.35
-63.22
-53.04
-36.08
-25.87
-15.61
-5.30
11.98
22.42
32.91
43.45
61.14
71.82
82.52
93.41
109.73
117.64
124.40
129.86
134.74
135.37
135.23
134.63
132.83
132.83
130.41
128.72
127.81
127.03
126.35
125.25
124.64
124.09
123.60
122.93
122.61
122.33
122.08
121.77
121.69
121.70
121.80
121.92
121.87
121.78
121.66
121.18
120.76
120.33
119.95
119.39
119.17
119.09
119.04
119.01
119.03
119.12
119.24
119.79
120.32
120.83
121.05
120.84
120.59
120.38
120.14
119.94
119.85
119.73
119.60
119.43
119.44
119.53
119.50
119.38
119.20
119.05
119.02
119.02
118.96
118.83
118.58
117.97
117.65
117.46
117.30
117.07
116.96
116.86
116.73
116.67
116.64
116.64
116.62
116.66
116.71
116.80
116.99
117.12
117.28
117.43
117.70
117.89
117.85
117.26
115.41
114.20
113.01
111.84
109.93
108.77
107.64
106.54
104.81
103.80
102.82
101.87
100.34
99.41
98.51
97.66
96.34
95.61
94.90
94.22
93.15
92.55
91.96
91.44
90.91
89.09
88.89
88.63
88.09
87.77
87.47
87.18
86.79
86.61
86.45
86.31
86.12
86.06
86.04
86.05
86.13
86.20
86.29
86.41
86.71
86.93
87.17
87.41
87.89
88.22
88.55
88.87
89.19
90.91
91.22
91.66
92.53
93.11
93.72
94.37
95.50
96.23
96.96
97.73
99.06
99.89
100.75
101.62
103.12
104.05
105.00
105.96
107.61
108.62
109.66
110.71
112.49
113.57
114.68
115.79
117.68
118.83
119.98
121.14
123.10
124.29
125.49
126.69
128.70
129.91
131.13
132.35
134.39
135.61
136.84
138.05
140.09
141.31
142.53
143.74
145.76
146.95
148.15
149.33
151.31
152.40
153.16
153.58
153.79
153.74
153.37
152.68
151.50
150.81
150.06
149.35
148.28
147.61
146.95
146.32
145.35
144.86
144.46
144.11
143.66
143.55
143.44
143.31
143.05
142.90
142.81
142.76
142.65
142.59
142.55
142.48
142.32
142.07
141.70
141.22
140.23
139.73
139.40
139.19
138.96
138.88
138.78
138.60
138.21
