-0.44
-0.47
-0.50
-0.55
-0.57
-0.60
-0.62
-0.66
-0.69
-0.71
-0.72
-0.76
-0.77
-0.78
-0.80
-0.81
-0.83
-0.83
-0.84
-0.85
-0.86
-0.87
-0.87
-0.87
-0.87
-0.87
-0.88
-0.88
-0.88
-0.88
-0.87
-0.87
-0.87
-0.87
-0.86
-0.85
-0.85
-0.84
-0.84
-0.83
-0.82
-0.81
-0.81
-0.80
-0.79
-0.78
-0.78
-0.76
-0.76
-0.76
-0.74
-0.72
-0.68
-0.67
-0.72
-0.75
-0.73
-0.72
-0.72
-0.67
-0.64
-0.64
-0.64
-0.61
-0.61
-0.61
-0.60
-0.57
-0.56
-0.56
-0.56
-0.54
-0.53
-0.52
-0.52
-0.51
-0.50
-0.48
-0.48
-0.48
-0.48
-0.47
-0.46
-0.46
-0.46
-0.46
-0.45
-0.45
-0.45
-0.45
-0.44
-0.44
-0.45
-0.45
-0.45
-0.46
-0.46
-0.46
-0.46
-0.47
-0.47
-0.48
-0.48
-0.49
-0.50
-0.50
-0.51
-0.52
-0.53
-0.53
-0.54
-0.55
-0.56
-0.57
-0.57
-0.58
-0.59
-0.60
-0.61
-0.62
-0.63
-0.63
-0.64
-0.65
-0.66
-0.67
-0.67
-0.68
-0.69
-0.69
-0.69
-0.70
-0.71
-0.71
-0.71
-0.72
-0.72
-0.73
-0.74
-0.74
-0.74
-0.74
-0.74
-0.74
-0.74
-0.74
-0.75
-0.75
-0.75
-0.75
-0.75
-0.74
-0.74
-0.74
-0.74
-0.74
-0.74
-0.74
-0.73
-0.73
-0.73
-0.72
-0.72
-0.71
-0.71
-0.71
-0.71
-0.70
-0.69
-0.69
-0.69
-0.69
-0.69
-0.68
-0.68
-0.67
-0.67
-0.67
-0.67
-0.66
-0.66
-0.66
-0.65
-0.64
-0.64
-0.64
-0.64
-0.64
-0.64
-0.64
-0.64
-0.64
-0.64
-0.64
-0.64
-0.64
-0.64
-0.64
-0.64
-0.64
-0.64
-0.64
-0.64
-0.64
-0.64
-0.64
-0.65
-0.65
-0.65
-0.65
-0.66
-0.67
-0.67
-0.67
-0.64
-0.64
-0.66
-0.67
-0.67
-0.65
-0.66
-0.67
-0.67
-0.66
-0.65
-0.66
-0.66
-0.66
-0.65
-0.65
-0.65
-0.65
-0.65
-0.64
-0.64
-0.64
-0.64
-0.64
-0.63
-0.63
-0.63
-0.62
-0.62
-0.62
-0.62
-0.61
-0.60
-0.60
-0.60
-0.60
-0.59
-0.59
-0.59
-0.59
-0.25
0.30
0.95
1.75
3.56
4.87
6.25
7.64
9.86
11.17
12.46
13.75
15.93
17.20
19.25
20.46
21.64
22.81
24.76
25.87
26.95
28.01
29.73
30.74
31.72
32.66
34.16
35.08
36.18
37.36
39.14
40.20
41.30
42.38
44.09
45.04
45.97
46.86
48.27
49.11
49.90
51.04
51.71
52.43
53.28
55.04
56.23
57.54
58.94
61.39
62.85
64.25
65.58
67.70
68.95
70.18
71.37
73.63
75.13
76.61
77.90
79.47
80.15
80.72
81.15
81.43
81.38
81.30
81.25
81.18
81.13
81.06
80.94
80.67
80.46
80.21
79.93
79.38
79.01
78.61
78.17
77.39
76.87
76.30
75.71
74.65
73.97
73.25
72.49
71.18
70.34
69.45
68.53
66.93
65.92
64.87
63.78
61.91
60.75
59.55
58.30
56.17
54.85
53.49
52.09
49.69
48.21
46.70
45.15
42.49
40.87
39.21
37.52
34.64
32.90
31.12
29.32
26.26
24.41
22.53
20.65
17.48
15.55
13.62
11.69
8.44
6.49
4.53
2.57
-0.70
-2.65
-4.60
-6.54
-9.77
-11.69
-13.60
-15.49
-18.62
-20.48
-22.31
-24.13
-27.11
-28.87
-30.60
-32.31
-35.10
-36.74
-38.34
-39.92
-42.46
-43.95
-45.39
-46.79
-49.03
-50.32
-51.57
-52.78
-54.69
-55.79
-56.83
-57.84
-59.42
-60.30
-61.15
-61.95
-63.19
-63.88
-64.51
-65.11
-66.00
-66.47
-66.91
-67.29
-67.83
-68.09
-68.32
-68.50
-68.70
-68.75
-68.77
-68.74
-68.74
-68.56
-68.26
-68.03
-67.76
-67.44
-66.82
-66.39
-65.92
-65.41
-64.48
-63.86
-63.21
-62.51
-61.28
-60.48
-59.67
-58.83
-57.28
-56.32
-55.35
-54.34
-52.53
-51.43
-50.30
-49.14
-47.11
-45.87
-44.59
-43.28
-41.03
-39.65
-38.24
-36.80
-34.34
-32.85
-31.32
-29.76
-27.13
-25.54
-23.91
-22.29
-19.53
-17.86
-16.18
-14.50
-11.66
-9.94
-8.23
-6.52
-3.65
-1.93
-0.21
1.50
4.36
6.06
7.76
9.44
12.23
13.88
15.53
17.15
19.83
21.41
22.96
24.51
27.03
28.01
30.43
31.86
33.25
34.61
36.82
38.10
39.34
40.56
42.52
43.64
44.73
45.78
47.46
48.42
49.33
50.21
51.59
52.36
53.09
53.79
54.85
55.44
55.99
56.49
57.24
57.63
57.98
58.29
58.74
58.95
59.11
59.25
59.38
59.40
59.39
59.34
59.17
59.01
58.82
58.59
58.12
57.79
57.41
57.00
56.24
55.74
55.20
54.62
53.57
52.90
52.19
51.44
50.12
49.28
48.40
47.49
45.90
44.91
43.88
42.81
40.97
39.83
38.67
37.47
35.42
34.15
32.86
31.56
29.32
27.95
26.56
25.15
22.76
21.31
19.84
18.36
15.87
14.35
12.83
11.30
8.74
7.19
5.64
4.08
1.50
-0.05
-1.60
-3.15
-5.72
-7.25
-8.77
-10.28
-12.78
-14.26
-15.73
-17.19
-19.59
-21.00
-22.40
-23.77
-26.02
-27.35
-28.65
-29.92
-31.99
-33.20
-34.38
-35.54
-37.40
-38.47
-39.52
-40.53
-42.15
-43.08
-43.97
-44.81
-46.14
-46.89
-47.60
-48.27
-49.29
-49.85
-50.37
-50.84
-51.55
-51.91
-52.24
-52.52
-52.90
-53.06
-53.20
-53.28
-53.33
-53.31
-53.25
-53.15
-52.92
-52.74
-52.52
-52.08
-51.78
-51.44
-51.07
-50.38
-49.93
-49.44
-48.93
-48.00
-47.40
-46.77
-46.11
-44.93
-44.19
-43.41
-42.60
-41.20
-40.31
-39.39
-38.45
-36.82
-35.81
-34.77
-33.71
-31.88
-30.76
-29.61
-28.44
-26.45
-25.23
-24.00
-22.74
-20.62
-19.33
-18.03
-16.70
-14.48
-13.14
-11.78
-10.42
-8.14
-6.77
-5.39
-4.01
-1.71
-0.33
1.05
2.42
4.70
6.06
7.41
8.76
10.98
12.30
13.61
14.91
17.03
18.29
19.53
20.76
22.76
23.93
25.08
26.21
28.04
29.11
30.16
31.18
32.82
33.77
34.69
35.58
37.00
37.81
38.60
39.35
40.52
41.19
41.82
42.42
43.33
43.85
44.32
44.75
45.40
45.75
46.06
46.33
46.71
46.89
47.03
47.14
47.23
47.24
47.21
47.14
46.95
46.79
46.60
46.36
45.89
45.57
45.21
44.82
44.09
43.61
43.09
42.55
41.56
40.93
40.26
39.57
38.35
37.57
36.77
35.94
34.50
33.60
32.68
31.72
30.08
29.08
28.04
26.99
25.18
24.07
22.94
21.80
19.86
18.68
17.48
16.27
14.23
12.99
11.74
10.49
8.38
7.10
5.83
4.55
2.41
1.13
-0.16
-2.29
-3.56
-4.83
-6.10
-8.19
-9.43
-10.67
-11.89
-13.91
-15.11
-16.28
-17.45
-19.36
-20.48
-21.59
-22.68
-24.45
-25.48
-26.51
-27.50
-29.11
-30.05
-30.95
-31.83
-33.25
-34.06
-34.85
-35.61
-36.81
-37.50
-38.15
-38.78
-39.75
-40.29
-40.81
-41.29
-42.01
-42.40
-42.75
-43.07
-43.52
-43.74
-43.92
-44.07
-44.25
-44.30
-44.31
-44.30
-44.19
-44.09
-43.95
-43.79
-43.44
-43.18
-42.91
-42.59
-42.01
-41.61
-41.18
-40.73
-39.90
-39.37
-38.80
-38.21
-37.17
-36.50
-35.81
-35.10
-33.84
-33.06
-32.25
-31.42
-29.99
-29.10
-28.19
-27.26
-25.66
-24.69
-23.69
-22.67
-20.95
-19.90
-18.82
-17.74
-15.91
-14.79
-13.67
-12.54
-10.64
-9.49
-8.33
-7.17
-5.23
-4.06
-2.88
-1.72
0.24
1.40
2.57
3.72
5.65
6.79
7.93
9.05
10.92
12.03
13.12
14.20
15.97
17.02
18.05
19.06
20.71
21.69
22.63
23.56
25.07
25.94
26.80
27.62
28.96
29.72
30.46
31.18
32.31
32.96
33.58
34.17
35.09
35.60
36.08
36.54
37.22
37.60
37.95
38.26
38.26
38.79
39.14
39.31
39.45
39.56
39.67
39.70
39.69
39.65
39.53
39.42
39.26
39.08
38.73
38.47
38.18
37.86
37.27
36.88
36.46
36.00
35.19
34.66
34.12
33.54
32.52
31.88
31.21
30.52
29.32
28.56
27.79
26.99
25.62
24.77
23.91
23.02
21.51
20.57
19.63
18.68
17.05
16.06
15.06
14.04
12.33
11.29
9.54
8.49
7.42
6.35
4.56
3.49
2.41
1.33
-0.46
-1.53
-2.61
-3.67
-5.44
-6.49
-7.53
-8.57
-10.28
-11.30
-12.30
-13.30
-14.92
-15.89
-16.83
-17.77
-19.29
-20.19
-21.06
-21.92
-23.30
-24.11
-24.90
-25.66
-26.89
-27.61
-28.30
-28.96
-30.02
-30.62
-31.20
-31.74
-32.61
-33.09
-33.55
-33.97
-34.63
-35.00
-35.33
-35.64
-36.09
-36.31
-36.52
-36.70
-36.93
-37.02
-37.09
-37.13
-37.13
-37.09
-37.02
-36.92
-36.71
-36.53
-36.33
-36.11
-35.67
-35.38
-35.07
-34.72
-34.08
-33.67
-33.23
-32.78
-31.96
-31.44
-30.89
-30.32
-29.32
-28.70
-28.05
-27.38
-26.21
-25.49
-24.75
-23.99
-22.68
-21.88
-21.06
-20.23
-18.81
-17.94
-17.05
-16.15
-14.64
-13.72
-12.78
-11.85
-10.26
-9.30
-8.33
-7.36
-5.74
-4.76
-3.78
-2.79
-1.15
-0.17
0.82
1.80
3.42
4.39
5.35
6.31
7.88
8.82
9.75
10.67
12.18
13.06
13.95
14.81
16.22
17.05
17.86
18.66
19.95
20.71
21.44
22.15
23.31
23.97
24.61
25.24
26.23
26.80
27.34
27.86
28.66
29.12
29.55
29.95
30.58
30.91
31.22
31.51
31.93
32.15
32.34
32.50
32.71
32.81
32.87
32.90
32.91
32.88
32.82
32.73
32.53
32.36
32.18
31.98
31.57
31.09
30.78
30.43
29.81
29.41
28.98
28.22
27.73
27.22
26.33
25.76
25.17
24.16
23.53
22.88
21.75
21.05
20.34
19.12
18.36
17.59
16.28
15.48
14.67
13.29
12.45
11.59
10.17
9.29
8.42
6.94
6.06
5.16
3.66
2.77
1.87
0.37
-0.53
-1.43
-2.92
-3.81
-4.69
-6.15
-7.02
-7.89
-9.31
-10.15
-10.98
-12.34
-13.15
-13.94
-15.23
-15.99
-16.74
-17.95
-18.66
-19.35
-20.46
-21.11
-21.74
-22.75
-23.32
-23.88
-24.77
-25.28
-25.77
-26.54
-26.98
-27.39
-28.02
-28.37
-28.90
-29.19
-29.45
-29.84
-30.04
-30.21
-30.44
-30.56
-30.64
-30.71
-30.74
-30.73
-30.66
-30.59
-30.49
-30.28
-30.12
-29.93
-29.58
-29.33
-29.06
-28.56
-28.24
-27.89
-27.27
-26.86
-26.43
-25.68
-25.20
-24.72
-23.85
-23.31
-22.75
-21.78
-21.18
-20.56
-19.50
-18.84
-18.17
-17.03
-16.32
-15.60
-14.38
-13.63
-12.88
-11.61
-10.83
-10.04
-8.72
-7.92
-7.11
-5.76
-4.94
-4.12
-2.75
-1.93
-1.11
0.26
1.08
1.90
3.26
4.06
4.87
6.20
6.99
7.77
9.05
9.81
11.06
11.79
12.51
13.70
14.39
15.07
16.18
16.81
17.44
18.46
19.04
19.61
20.53
21.06
21.56
22.37
22.83
23.27
23.96
24.35
24.72
25.30
25.60
25.90
26.34
26.57
26.78
27.09
27.24
27.37
27.54
27.61
27.66
27.68
27.67
27.63
27.52
27.42
27.30
27.05
26.87
26.67
26.30
26.04
25.76
25.26
24.93
24.59
23.97
23.57
23.16
22.43
21.97
21.49
20.66
20.15
19.61
18.68
18.12
17.53
16.52
15.90
15.27
14.19
13.53
12.86
11.72
11.03
10.33
9.14
8.43
7.70
6.49
5.75
4.52
3.77
3.03
1.80
1.05
0.31
-0.93
-1.67
-2.40
-3.61
-4.34
-5.07
-6.26
-6.97
-7.66
-8.81
-9.48
-10.15
-11.23
-11.87
-12.51
-13.53
-14.13
-14.71
-15.66
-16.21
-16.75
-17.62
-18.11
-18.59
-19.37
-19.81
-20.23
-20.89
-21.27
-21.63
-22.19
-22.50
-22.80
-23.25
-23.49
-23.71
-24.04
-24.22
-24.37
-24.58
-24.69
-24.77
-24.88
-24.91
-24.92
-24.91
-24.88
-24.81
-24.69
-24.58
-24.46
-24.23
-24.05
-23.87
-23.52
-23.28
-23.02
-22.57
-22.27
-21.96
-21.40
-21.04
-20.66
-20.01
-19.59
-19.16
-18.42
-17.95
-17.47
-16.64
-16.12
-15.61
-14.69
-14.14
-13.58
-12.62
-12.03
-11.44
-10.42
-9.80
-9.18
-8.12
-7.49
-6.84
-5.76
-5.10
-4.44
-3.34
-2.68
-2.02
-0.91
-0.24
0.42
1.51
2.17
2.83
3.91
4.56
5.19
6.25
6.88
7.50
8.51
9.10
9.69
10.65
11.21
11.77
12.67
13.19
13.71
14.53
15.01
15.48
16.23
16.66
17.07
17.73
18.11
18.47
19.03
19.35
19.65
20.12
20.38
20.62
20.98
21.18
21.36
21.62
21.74
21.85
22.00
22.07
22.14
22.15
22.15
22.11
22.07
21.99
21.84
21.74
21.61
21.35
21.18
20.99
20.63
20.41
20.16
19.71
19.42
19.12
18.58
18.24
17.88
17.25
16.86
16.46
15.75
15.31
14.86
14.09
13.61
13.12
12.28
11.76
11.24
10.34
9.80
9.25
8.32
7.75
7.17
6.21
5.63
5.04
4.06
3.46
2.86
1.87
1.27
0.67
-0.32
-0.92
-1.52
-2.50
-3.09
-3.68
-4.64
-5.22
-5.79
-6.72
-7.27
-7.81
-8.71
-9.23
-9.74
-10.58
-11.08
-11.56
-12.33
-12.78
-13.23
-13.94
-14.35
-14.75
-15.38
-15.74
-16.10
-16.65
-16.96
-17.27
-17.73
-17.99
-18.24
-18.61
-18.81
-19.00
-19.28
-19.43
-19.57
-19.74
-19.84
-19.91
-19.99
-20.02
-20.04
-20.02
-19.99
-19.95
-19.84
-19.75
-19.64
-19.44
-19.30
-19.14
-18.84
-18.65
-18.44
-18.05
-17.80
-17.54
-17.08
-16.78
-16.47
-15.93
-15.59
-15.23
-14.63
-14.24
-13.85
-13.17
-12.76
-12.33
-11.59
-11.14
-10.68
-9.90
-9.42
-8.94
-8.12
-7.63
-7.11
-6.25
-5.74
-5.22
-4.34
-3.82
-3.29
-2.40
-1.87
-1.33
-0.44
0.09
0.63
1.51
2.04
2.57
3.43
3.95
4.47
5.30
5.80
6.30
7.10
7.58
8.04
8.81
9.26
9.70
10.41
10.83
11.24
11.90
12.27
12.64
13.23
13.56
13.89
14.40
14.70
14.97
15.41
15.65
15.89
16.23
16.43
16.60
16.88
17.02
17.15
17.32
17.40
17.48
17.57
17.60
17.62
17.62
17.59
17.52
17.46
17.38
17.23
17.11
16.98
16.74
16.57
16.40
16.07
15.87
15.64
15.24
14.99
14.72
14.25
13.95
13.65
13.10
12.77
12.43
11.83
11.46
11.09
10.44
10.04
9.64
8.95
8.52
7.80
7.37
6.92
6.17
5.72
5.26
4.48
4.01
3.54
2.75
2.28
1.80
1.01
0.53
0.05
-0.74
-1.21
-1.68
-2.46
-2.92
-3.38
-4.13
-4.58
-5.03
-5.76
-6.19
-6.61
-7.31
-7.71
-8.12
-8.76
-9.14
-9.52
-10.11
-10.46
-10.79
-11.33
-11.64
-11.94
-12.41
-12.69
-12.95
-13.35
-13.58
-13.80
-14.13
-14.32
-14.49
-14.75
-14.88
-15.02
-15.20
-15.29
-15.38
-15.48
-15.53
-15.56
-15.59
-15.60
-15.58
-15.54
-15.50
-15.44
-15.32
-15.23
-15.13
-14.94
-14.81
-14.67
-14.42
-14.25
-13.94
-13.75
-13.55
-13.18
-12.95
-12.71
-12.29
-12.02
-11.75
-11.27
-10.98
-10.68
-10.15
-9.83
-9.50
-8.93
-8.59
-8.23
-7.62
-7.25
-6.88
-6.25
-5.86
-5.48
-4.81
-4.41
-4.01
-3.34
-2.94
-2.53
-1.85
-1.44
-1.04
-0.36
0.05
0.45
1.12
1.52
1.91
2.58
2.97
3.36
3.99
4.36
4.74
5.35
5.70
6.06
6.62
6.96
7.29
7.81
8.12
8.42
8.90
9.18
9.46
9.89
10.14
10.38
10.75
10.97
11.18
11.50
11.68
11.85
12.10
12.24
12.37
12.56
12.66
12.74
12.86
12.92
12.99
13.01
13.03
13.03
13.01
12.99
12.92
12.86
12.80
12.67
12.57
12.47
12.27
12.14
12.00
11.75
11.59
11.41
11.09
10.90
10.69
10.33
10.11
9.87
9.47
9.21
8.94
8.50
8.22
7.94
7.45
7.16
6.86
6.34
6.01
5.69
5.15
4.81
4.48
3.91
3.57
3.23
2.65
2.30
1.95
1.36
1.02
0.66
0.08
-0.27
-0.62
-1.20
-1.53
-1.88
-2.44
-2.78
-3.11
-3.64
-3.96
-4.28
-4.79
-5.10
-5.40
-5.89
-6.18
-6.45
-6.90
-7.17
-7.42
-7.83
-8.07
-8.30
-8.67
-8.88
-9.08
-9.40
-9.58
-9.86
-10.02
-10.16
-10.38
-10.51
-10.62
-10.79
-10.87
-10.95
-11.05
-11.11
-11.15
-11.19
-11.21
nan # 113.03
-11.20
-11.18
-11.15
-11.08
-11.03
-10.97
-10.84
-10.76
-10.66
-10.48
-10.37
-10.24
-10.02
-9.87
-9.72
-9.43
-9.26
-9.08
-8.77
-8.56
-8.36
-8.00
-7.78
-7.55
-7.16
-6.93
-6.68
-6.26
-6.01
-5.74
-5.30
-5.03
-4.76
-4.30
-4.02
-3.73
-3.25
-2.97
-2.68
-2.19
-1.89
-1.60
-1.11
-0.81
-0.52
-0.02
0.27
0.56
1.04
1.33
1.61
2.08
2.36
2.64
3.09
3.36
3.80
4.06
4.31
4.72
4.96
5.20
5.58
5.80
6.02
6.36
6.57
6.76
7.06
7.24
7.40
7.67
7.82
7.96
8.18
8.30
8.42
8.60
8.69
8.78
8.91
8.97
9.04
9.11
9.16
9.18
9.22
9.23
9.23
9.21
9.18
9.16
9.09
9.04
8.99
8.87
8.80
8.72
8.56
8.47
8.36
8.16
8.04
7.90
7.67
7.52
7.37
7.11
6.94
6.77
6.47
6.28
6.09
5.76
5.56
5.36
5.00
4.78
4.56
4.18
3.95
3.72
3.33
3.09
2.85
2.45
2.19
1.95
1.54
1.30
1.05
0.63
0.39
0.14
-0.26
-0.50
-0.75
-1.14
-1.38
-1.62
-2.01
-2.24
-2.46
-2.84
-3.06
-3.28
-3.64
-3.84
-4.04
-4.37
-4.56
-4.76
-5.06
-5.22
-5.40
-5.68
-5.84
-5.98
-6.22
-6.37
-6.50
-6.70
-6.81
-6.92
-7.09
-7.18
-7.27
-7.39
-7.46
-7.53
-7.60
-7.65
-7.70
-7.74
-7.76
-7.77
-7.77
-7.77
-7.75
-7.72
-7.69
-7.65
-7.58
-7.53
-7.47
-7.37
-7.30
-7.21
-7.08
-6.99
-6.89
-6.71
-6.61
-6.49
-6.29
-6.16
-6.03
-5.80
-5.66
-5.51
-5.26
-5.11
-4.95
-4.67
-4.50
-4.33
-4.05
-3.86
-3.69
-3.38
-3.19
-3.00
-2.69
-2.50
-2.17
-1.97
-1.78
-1.44
-1.25
-1.05
-0.71
-0.52
-0.32
0.02
0.21
0.40
0.73
0.92
1.11
1.43
1.61
1.80
2.10
2.27
2.45
2.74
2.91
3.07
3.35
3.50
3.65
3.90
4.04
4.18
4.40
4.53
4.65
4.85
4.96
5.06
5.23
5.32
5.41
5.54
5.61
5.68
5.78
5.84
5.89
5.96
5.99
6.02
6.05
6.06
6.07
6.06
6.05
6.04
6.00
5.97
5.94
5.87
5.82
5.77
5.66
5.60
5.54
5.40
5.32
5.23
5.08
4.98
4.87
4.70
4.59
4.47
4.27
4.16
4.04
3.83
3.69
3.56
3.33
3.19
3.05
2.81
2.65
2.50
2.25
2.10
1.93
1.67
1.52
1.36
1.10
0.94
0.78
0.51
0.36
0.20
-0.07
-0.22
-0.39
-0.64
-0.79
-0.95
-1.21
-1.35
-1.50
-1.75
-1.89
-2.03
-2.26
-2.40
-2.54
-2.74
-2.87
-2.99
-3.19
-3.31
-3.41
-3.59
-3.69
-3.79
-3.94
-4.03
-4.12
-4.25
-4.32
-4.39
-4.50
-4.56
-4.62
-4.71
-4.75
-4.78
-4.85
-4.88
-4.90
-4.94
-4.95
-4.96
-4.97
-4.97
-4.96
-4.95
-4.93
-4.91
-4.88
-4.85
-4.81
-4.76
-4.71
-4.67
-4.60
-4.55
-4.49
-4.39
-4.33
-4.26
-4.14
-4.07
-3.95
-3.87
-3.79
-3.64
-3.56
-3.47
-3.31
-3.22
-3.13
-2.96
-2.86
-2.75
-2.58
-2.47
-2.35
-2.17
-2.06
-1.95
-1.74
-1.63
-1.52
-1.32
-1.20
-1.09
-0.89
-0.78
-0.65
-0.46
-0.34
-0.23
-0.03
0.08
0.20
0.39
0.49
0.61
0.78
0.89
1.00
1.17
1.27
1.37
1.53
1.63
1.72
1.86
1.96
2.03
2.17
2.25
2.33
2.45
2.52
2.58
2.69
2.75
2.81
2.89
2.94
2.99
3.06
3.10
3.13
3.18
3.19
3.22
3.24
3.24
3.24
3.25
3.25
3.24
3.21
3.20
3.19
3.14
3.12
3.09
3.03
2.99
2.93
2.88
2.84
2.76
2.70
2.65
2.55
2.49
2.43
2.32
2.26
2.20
2.08
2.01
1.94
1.82
1.75
1.67
1.55
1.48
1.41
1.27
1.20
1.12
0.98
0.91
0.83
0.70
0.62
0.54
0.41
0.34
0.26
0.13
0.05
-0.03
-0.16
-0.23
-0.30
-0.43
-0.51
-0.58
-0.69
-0.76
-0.83
-0.94
-1.00
-1.07
-1.17
-1.23
-1.28
-1.32
-1.37
-1.41
-1.46
-1.47
-1.47
-1.53
-1.60
-1.65
-1.70
-1.68
-1.64
-1.64
-1.66
-1.65
-1.30
-0.77
-0.09
1.27
2.12
3.08
4.42
4.95
5.23
5.50
5.54
5.38
4.65
4.31
4.41
4.55
