0.94
1.03
0.88
0.39
0.09
-0.09
-0.27
-0.31
0.04
0.31
0.38
0.03
-0.3
-0.62
-1.01
-1.01
0.05
0.06
0.06
0.08
0.07
0.07
0.08
0.07
0.08
0.1
0.09
0.08
0.08
0.08
0.07
0.06
0.05
0.06
0.08
0.1
0.1
0.13
0.13
0.08
0.1
0.06
0.03
0.03
0.06
0.06
0.06
0.05
0.04
0.01
-0.0
-0.01
-0.08
-0.07
-0.02
0.06
0.22
0.34
0.72
1.06
1.81
2.27
3.06
3.57
4.34
4.63
4.95
5.15
5.49
5.63
5.55
5.15
4.07
3.2
1.31
-0.13
-3.04
-5.1
-8.93
-11.32
-15.31
-17.67
-21.79
-24.32
-28.74
-31.35
-35.14
-37.29
-40.57
-42.45
-45.37
-46.81
-48.95
-50.07
-52.01
-53.16
-54.92
-55.9
-57.23
-57.81
-58.33
-58.45
-58.48
-58.5
-58.62
-58.69
-58.67
-58.61
-58.66
-58.65
-58.6
-58.62
-58.88
-59.06
-59.38
-59.73
-60.18
-60.39
-60.98
-61.1
-60.93
-60.9
-60.92
-60.85
-60.56
-60.26
-59.59
-59.09
-58.16
-57.52
-56.28
-55.39
-53.75
-52.72
-50.88
-49.73
-47.69
-46.4
-44.13
-42.72
-40.37
-38.95
-36.54
-35.09
-32.57
-31.09
-28.63
-27.17
-24.71
-23.26
-20.9
-19.47
-17.19
-15.82
-13.65
-12.35
-10.26
-9.04
-7.09
-5.94
-4.13
-3.07
-1.37
-0.39
1.17
2.08
3.53
4.36
5.68
6.45
7.65
8.33
9.41
10.01
10.98
11.51
12.38
12.86
13.62
14.03
14.7
15.06
15.63
15.93
16.42
16.67
17.14
17.35
17.65
17.82
18.05
18.17
18.34
18.43
18.53
18.58
18.61
18.63
18.61
18.6
18.55
18.5
18.41
18.33
18.2
18.11
17.94
17.84
17.65
17.53
17.32
17.19
16.96
16.81
16.55
16.39
16.1
15.93
15.64
15.46
15.17
14.99
14.71
14.54
14.27
14.09
13.83
13.66
13.4
13.25
12.99
12.84
12.6
12.45
12.22
12.09
11.87
11.75
11.55
11.44
11.24
11.13
10.96
10.86
10.7
10.6
10.46
10.37
10.23
10.14
10.03
9.96
9.85
9.79
9.7
9.65
9.58
9.53
9.46
9.43
9.37
9.33
9.27
9.25
9.19
9.16
9.11
9.09
9.04
9.03
8.98
8.97
8.93
8.92
8.88
8.86
8.8
8.78
8.72
8.68
8.61
8.56
8.48
8.43
8.35
8.29
8.19
8.12
8.02
7.94
7.82
7.74
7.6
7.51
7.38
7.27
7.13
7.03
6.88
6.78
6.62
6.51
6.35
6.24
6.08
5.98
5.82
5.72
5.57
5.47
5.33
5.24
5.1
5.01
4.87
4.79
4.65
4.58
4.44
4.38
4.26
4.2
4.07
4.02
3.88
3.81
3.71
3.65
3.56
3.5
3.42
3.37
3.3
3.26
3.2
3.17
3.12
3.1
3.05
3.02
2.98
2.95
2.92
2.88
2.86
2.84
2.82
2.81
2.81
2.81
2.81
2.83
2.85
2.87
2.9
2.93
2.97
3.0
3.05
3.08
3.14
3.18
3.25
3.29
3.37
3.42
3.48
3.52
3.56
3.6
3.62
3.63
3.63
3.62
3.58
3.56
3.5
3.46
3.39
3.32
3.23
3.14
3.02
2.93
2.77
2.67
2.51
2.4
2.23
2.13
1.95
1.85
1.65
1.55
1.35
1.23
1.04
0.92
0.73
0.61
0.43
0.31
0.13
0.01
-0.15
-0.24
-0.39
-0.47
-0.6
-0.67
-0.78
-0.83
-0.92
-0.96
-1.03
-1.05
-1.09
-1.1
-1.13
-1.13
-1.13
-1.1
-1.08
-1.05
-1.01
-0.96
-0.9
-0.86
-0.78
-0.73
-0.65
-0.6
-0.5
-0.43
-0.31
-0.24
-0.12
-0.03
0.11
0.18
0.32
0.39
0.53
0.6
0.71
0.79
0.9
0.97
1.06
1.12
1.21
1.25
1.4
1.51
1.6
1.67
1.88
2.14
2.2
1.91
1.41
1.24
1.2
1.26
1.22
1.29
1.46
1.37
1.33
1.29
0.74
-0.01
-1.43
-2.1
-2.6
-2.57
-2.34
-2.21
-2.13
-2.1
-2.23
-2.17
-2.05
-1.92
-1.5
-1.41
-1.56
-1.69
-1.72
-1.6
-1.59
1.69
1.78
1.69
1.52
1.46
1.5
1.44
1.41
1.36
1.36
1.36
1.3
1.28
1.28
1.26
1.23
1.19
1.2
1.16
1.13
1.06
1.05
0.97
0.94
0.86
0.74
0.97
1.02
0.93
1.01
1.11
1.16
1.21
1.16
1.18
1.17
1.13
1.09
1.05
1.09
1.18
1.25
1.26
1.26
1.3
1.28
