60.42
58.96
58.03
57.05
55.33
54.24
53.11
51.15
49.92
48.66
46.48
45.13
43.74
41.37
39.91
37.41
35.88
34.32
31.67
30.05
28.4
25.59
23.88
22.16
19.25
17.47
15.68
12.68
10.86
9.02
5.98
4.13
1.05
-0.78
-2.62
-5.67
-7.45
-9.23
-12.14
-13.83
-15.48
-18.16
-19.72
-21.24
-23.66
-25.07
-26.42
-28.55
-29.79
-31.72
-32.82
-33.88
-35.48
-36.38
-37.22
-38.49
-39.19
-40.2
-40.74
-41.22
-41.88
-42.21
-42.48
-42.78
-42.9
-42.96
-42.93
-42.84
-42.6
-42.38
-42.12
-41.59
-41.21
-40.8
-40.01
-39.48
-38.92
-37.9
-37.24
-36.55
-35.31
-34.53
-33.15
-32.28
-31.38
-29.83
-28.88
-27.9
-26.21
-25.18
-24.14
-22.36
-21.29
-20.23
-18.4
-17.31
-16.22
-14.37
-13.28
-11.43
-10.34
-9.28
-7.48
-6.42
-5.37
-3.64
-2.63
-0.98
-0.0
0.95
2.5
3.41
4.3
5.71
6.54
7.34
8.6
9.35
10.06
11.41
12.04
12.64
13.62
14.16
14.67
15.48
15.91
16.33
16.97
17.31
17.63
18.11
18.35
18.71
18.88
19.04
19.23
19.31
19.38
19.42
19.41
19.38
19.28
19.18
19.08
18.82
18.66
18.47
18.09
17.85
17.4
17.1
16.8
16.22
15.87
15.5
14.84
14.43
14.02
13.28
12.83
12.37
11.57
11.09
10.61
9.78
9.28
8.42
7.91
7.4
6.52
6.0
5.47
4.6
4.07
3.55
2.69
2.18
1.68
0.85
0.37
-0.1
-0.9
-1.4
-1.91
-2.78
-3.32
-3.85
-4.71
-5.21
-5.7
-6.47
-6.91
-7.57
-7.97
-8.34
-8.87
-9.19
-9.49
-9.89
-10.12
-10.34
-10.61
-10.77
-10.89
-11.04
-11.12
-11.17
-11.2
-11.2
-11.14
-11.08
-11.01
-10.84
-10.7
-10.56
-10.29
-10.09
-9.88
-9.52
-9.28
-9.02
-8.58
-8.29
-7.99
-7.48
-7.15
-6.59
-6.26
-5.92
-5.32
-4.98
-4.64
-4.05
-3.71
-3.37
-2.7
-2.37
-2.04
-1.48
-1.16
-0.85
-0.34
-0.05
0.38
0.64
0.87
1.19
1.37
1.59
1.71
1.8
1.9
1.94
1.99
1.99
1.97
1.96
1.92
1.89
1.84
1.78
1.72
1.66
1.6
1.52
1.46
1.41
1.34
1.29
1.22
1.19
1.15
1.1
1.07
1.04
1.0
0.98
0.96
0.93
0.91
0.87
0.79
0.71
0.6
0.41
0.25
0.07
-0.25
-0.48
-0.73
-1.16
-1.45
-1.76
-2.29
-2.62
-3.12
-3.41
-3.69
-4.07
-4.28
-4.46
-4.72
-4.84
-4.93
-5.05
-5.09
-5.09
-5.07
-5.01
-4.93
-4.78
-4.65
-4.39
-4.21
-4.01
-3.67
-3.43
-3.2
-2.78
-2.51
-2.24
-1.76
-1.47
-1.17
-0.64
-0.34
-0.03
0.5
0.78
1.23
1.46
1.67
1.99
2.15
2.29
2.49
2.59
2.68
2.79
2.85
2.91
2.95
2.99
3.01
3.02
3.02
3.01
3.01
2.99
2.96
2.94
2.9
2.86
2.82
2.78
2.74
2.7
2.69
2.65
2.64
2.64
2.63
2.64
2.66
2.68
2.71
2.74
2.78
2.81
2.84
2.9
2.93
2.97
3.03
3.08
3.13
3.19
3.24
3.29
3.37
3.41
3.48
3.53
3.57
3.64
3.67
3.71
3.71
3.83
3.89
3.94
4.0
4.05
4.09
4.16
4.18
4.21
4.27
4.27
4.31
4.31
4.3
4.3
4.27
4.25
4.21
4.18
4.11
4.07
4.02
3.92
3.88
3.81
3.69
3.62
3.55
3.39
3.3
3.2
3.03
2.93
2.83
2.63
2.52
2.4
2.19
2.06
1.92
1.71
1.55
1.41
1.17
1.01
0.75
0.58
0.4
0.11
-0.09
-0.31
-0.69
-0.96
-1.24
-1.73
-2.06
-2.4
-2.95
-3.29
-3.61
-4.11
-4.41
-4.85
-5.1
-5.34
-5.68
-5.88
-6.06
-6.32
-6.46
-6.56
-6.73
-6.8
-6.84
-6.93
-6.94
-6.92
-6.9
-6.85
-6.76
-6.67
-6.56
-6.38
-6.23
-6.07
-5.81
-5.62
-5.42
-5.09
-4.86
-4.63
-4.25
-4.01
-3.76
-3.36
-3.11
-2.85
-2.43
-2.17
-1.91
-1.47
-1.2
-0.94
-0.51
-0.26
0.14
0.36
0.55
0.86
1.0
1.13
1.3
1.37
1.42
1.49
1.49
1.48
1.46
1.41
1.36
1.26
1.19
1.07
0.99
0.9
0.76
0.66
0.55
0.32
0.15
-0.29
-2.58
-4.52
-6.6
-10.34
-12.86
-15.36
-19.38
-21.69
-25.37
-27.41
-29.32
-32.17
-33.63
-34.95
-36.85
-37.81
-38.65
-39.77
-40.23
-40.54
-40.76
-40.71
-40.56
-40.12
-39.73
-38.9
-38.26
-37.53
-36.15
-35.22
-34.25
-32.52
-31.4
-29.44
-28.18
-26.87
