[0.19, 0.2, 0.3, 0.3, 0.0]
[0.2, 0.2, 0.3, 0.3, 0.61]
[0.2, 0.2, 0.3, 0.3, 0.61]
[0.2, 0.2, 0.3, 0.3, 0.61]
[0.22, 0.2, 0.3, 0.3, 0.07]
[0.25, 0.2, 0.3, 0.3, 0.07]
[0.25, 0.2, 0.3, 0.3, 0.07]
[0.24, 0.2, 0.3, 0.3, 0.07]
[0.25, 0.2, 0.3, 0.3, 0.19]
[0.26, 0.2, 0.3, 0.3, 0.19]
[0.26, 0.2, 0.3, 0.3, 0.19]
[0.27, 0.2, 0.3, 0.3, 0.14]
[0.27, 0.2, 0.3, 0.3, 0.14]
[1.83, 0.2, 0.3, 0.3, 0.14]
[1.83, 0.2, 0.3, 0.3, 5.17]
[0.32, 0.2, 0.3, 0.3, 5.17]
[0.32, 0.2, 0.3, 0.3, 5.17]
[0.32, 0.2, 0.3, 0.3, 5.17]
[0.33, 0.2, 0.3, 0.3, -4.37]
[0.34, 0.2, 0.3, 0.3, -4.37]
[0.36, 0.2, 0.3, 0.3, -4.37]
[0.36, 0.2, 0.3, 0.3, 0.28]
[0.37, 0.2, 0.3, 0.3, 0.28]
[0.4, 0.2, 0.3, 0.3, 0.28]
[0.41, 0.2, 0.3, 0.3, 0.32]
[0.39, 0.2, 0.3, 0.3, 0.32]
[0.39, 0.2, 0.3, 0.3, 0.32]
[0.41, 0.2, 0.3, 0.3, 0.18]
[0.43, 0.2, 0.3, 0.3, 0.18]
[0.44, 0.2, 0.3, 0.3, 0.18]
[0.43, 0.2, 0.3, 0.3, 0.18]
[0.43, 0.2, 0.3, 0.3, 0.33]
[0.44, 0.2, 0.3, 0.3, 0.33]
[0.46, 0.2, 0.3, 0.3, 0.33]
[0.46, 0.2, 0.3, 0.3, 0.35]
[0.41, 0.2, 0.3, 0.3, 0.35]
[0.41, 0.2, 0.3, 0.3, 0.35]
[0.44, 0.2, 0.3, 0.3, 0.08]
[0.49, 0.2, 0.3, 0.3, 0.08]
[0.5, 0.2, 0.3, 0.3, 0.08]
[0.48, 0.2, 0.3, 0.3, 0.55]
[0.47, 0.2, 0.3, 0.3, 0.55]
[0.5, 0.2, 0.3, 0.3, 0.55]
[0.52, 0.2, 0.3, 0.3, 0.29]
[0.52, 0.2, 0.3, 0.3, 0.29]
[0.51, 0.2, 0.3, 0.3, 0.29]
[0.51, 0.2, 0.3, 0.3, 0.35]
[0.54, 0.2, 0.3, 0.3, 0.35]
[0.52, 0.2, 0.3, 0.3, 0.35]
[0.52, 0.2, 0.3, 0.3, 0.37]
[0.54, 0.2, 0.3, 0.3, 0.37]
[0.55, 0.2, 0.3, 0.3, 0.37]
[0.57, 0.2, 0.3, 0.3, 0.44]
[0.57, 0.2, 0.3, 0.3, 0.44]
[0.48, 0.2, 0.3, 0.3, 0.44]
[0.17, 0.2, 0.3, 0.3, 0.14]
[-0.03, 0.2, 0.3, 0.3, 0.14]
[-0.18, 0.2, 0.3, 0.3, 0.14]
[-0.29, 0.2, 0.3, 0.3, -1.78]
[-0.38, 0.2, 0.3, 0.3, -1.78]
[-0.25, 0.2, 0.3, 0.3, -1.78]
[-0.04, 0.2, 0.3, 0.3, -0.02]
[0.04, 0.2, 0.3, 0.3, -0.02]
[-0.03, 0.2, 0.3, 0.3, -0.02]
[-0.16, 0.2, 0.3, 0.3, 0.91]
[-0.4, 0.2, 0.3, 0.3, 0.91]
[152.26, 0.2, 0.3, 0.3, 0.91]
[-1.52, 0.2, 0.3, 0.3, 70.0]
[-2.14, 0.2, 0.3, 0.3, 70.0]
[-2.91, 0.2, 0.3, 0.3, 70.0]
[-3.86, 0.2, 0.3, 0.3, -70.0]
[-5.22, 0.2, 0.3, 0.3, -70.0]
[-5.89, 0.2, 0.3, 0.3, -70.0]
[-6.96, 0.2, 0.3, 0.3, -5.57]
[-7.41, 0.2, 0.3, 0.3, -5.57]
[-7.79, 0.2, 0.3, 0.3, -5.57]
[-8.42, 0.2, 0.3, 0.3, -2.94]
[-8.77, 0.2, 0.3, 0.3, -2.94]
[-9.03, 0.2, 0.3, 0.3, -2.94]
[-9.28, 0.2, 0.3, 0.3, -1.47]
[-9.31, 0.2, 0.3, 0.3, -1.47]
[-9.24, 0.2, 0.3, 0.3, -1.47]
[-9.06, 0.2, 0.3, 0.3, 1.26]
[-8.98, 0.2, 0.3, 0.3, 1.26]
[-8.92, 0.2, 0.3, 0.3, 1.26]
[-8.87, 0.2, 0.3, 0.3, 2.68]
[-8.88, 0.2, 0.3, 0.3, 2.68]
[-8.91, 0.2, 0.3, 0.3, 2.68]
[-9.07, 0.2, 0.3, 0.3, 1.47]
[-9.26, 0.2, 0.3, 0.3, 1.47]
[-9.81, 0.2, 0.3, 0.3, 1.47]
[-10.32, 0.2, 0.3, 0.3, -1.7]
[-11.01, 0.2, 0.3, 0.3, -1.7]
[-12.45, 0.2, 0.3, 0.3, -1.7]
[-13.5, 0.2, 0.3, 0.3, -7.86]
[-14.65, 0.2, 0.3, 0.3, -7.86]
[-16.74, 0.2, 0.3, 0.3, -7.86]
[-18.09, 0.2, 0.3, 0.3, -14.17]
[-19.44, 0.2, 0.3, 0.3, -14.17]
[-21.66, 0.2, 0.3, 0.3, -14.17]
[-22.93, 0.2, 0.3, 0.3, -17.67]
[-24.12, 0.2, 0.3, 0.3, -17.67]
[-25.82, 0.2, 0.3, 0.3, -17.67]
[-26.6, 0.2, 0.3, 0.3, -17.01]
[-27.15, 0.2, 0.3, 0.3, -17.01]
[-27.44, 0.2, 0.3, 0.3, -17.01]
[-27.15, 0.2, 0.3, 0.3, -10.53]
[-25.88, 0.2, 0.3, 0.3, -10.53]
[-24.6, 0.2, 0.3, 0.3, -10.53]
[-22.95, 0.2, 0.3, 0.3, 2.66]
[-19.45, 0.2, 0.3, 0.3, 2.66]
[-16.98, 0.2, 0.3, 0.3, 2.66]
[-14.31, 0.2, 0.3, 0.3, 18.02]
[-9.58, 0.2, 0.3, 0.3, 18.02]
[-6.66, 0.2, 0.3, 0.3, 18.02]
[-1.83, 0.2, 0.3, 0.3, 28.01]
[0.9, 0.2, 0.3, 0.3, 28.01]
[3.43, 0.2, 0.3, 0.3, 28.01]
[7.07, 0.2, 0.3, 0.3, 29.41]
[8.81, 0.2, 0.3, 0.3, 29.41]
[10.13, 0.2, 0.3, 0.3, 29.41]
[11.38, 0.2, 0.3, 0.3, 20.92]
[11.55, 0.2, 0.3, 0.3, 20.92]
[11.33, 0.2, 0.3, 0.3, 20.92]
[10.2, 0.2, 0.3, 0.3, 4.98]
[9.18, 0.2, 0.3, 0.3, 4.98]
[8.01, 0.2, 0.3, 0.3, 4.98]
[5.85, 0.2, 0.3, 0.3, -9.03]
[4.54, 0.2, 0.3, 0.3, -9.03]
[3.34, 0.2, 0.3, 0.3, -9.03]
[1.9, 0.2, 0.3, 0.3, -13.87]
[1.46, 0.2, 0.3, 0.3, -13.87]
[1.31, 0.2, 0.3, 0.3, -13.87]
[1.58, 0.2, 0.3, 0.3, -6.36]
[1.95, 0.2, 0.3, 0.3, -6.36]
[2.29, 0.2, 0.3, 0.3, -6.36]
[2.49, 0.2, 0.3, 0.3, 2.95]
[2.38, 0.2, 0.3, 0.3, 2.95]
[2.11, 0.2, 0.3, 0.3, 2.95]
[1.45, 0.2, 0.3, 0.3, -0.48]
[1.06, 0.2, 0.3, 0.3, -0.48]
[0.56, 0.2, 0.3, 0.3, -0.48]
[0.39, 0.2, 0.3, 0.3, -4.91]
[0.35, 0.2, 0.3, 0.3, -4.91]
[0.45, 0.2, 0.3, 0.3, -4.91]
[0.57, 0.2, 0.3, 0.3, -0.59]
[0.66, 0.2, 0.3, 0.3, -0.59]
[0.69, 0.2, 0.3, 0.3, -0.59]
[0.61, 0.2, 0.3, 0.3, 0.55]
[0.47, 0.2, 0.3, 0.3, 0.55]
[0.1, 0.2, 0.3, 0.3, 0.55]
[-0.15, 0.2, 0.3, 0.3, -2.09]
[-0.36, 0.2, 0.3, 0.3, -2.09]
[-0.53, 0.2, 0.3, 0.3, -2.09]
[-0.49, 0.2, 0.3, 0.3, -2.33]
[-0.36, 0.2, 0.3, 0.3, -2.33]
[-0.06, 0.2, 0.3, 0.3, -2.33]
[0.08, 0.2, 0.3, 0.3, 1.07]
[0.18, 0.2, 0.3, 0.3, 1.07]
[0.15, 0.2, 0.3, 0.3, 1.07]
[0.02, 0.2, 0.3, 0.3, 0.32]
[-0.15, 0.2, 0.3, 0.3, 0.32]
[-0.45, 0.2, 0.3, 0.3, 0.32]
[-0.56, 0.2, 0.3, 0.3, -2.24]
[-156.89, 0.2, 0.3, 0.3, -2.24]
[-0.36, 0.2, 0.3, 0.3, -2.24]
[-0.12, 0.2, 0.3, 0.3, -0.16]
[0.31, 0.2, 0.3, 0.3, -0.16]
[0.5, 0.2, 0.3, 0.3, -0.16]
[0.59, 0.2, 0.3, 0.3, 2.34]
[0.51, 0.2, 0.3, 0.3, 2.34]
[0.38, 0.2, 0.3, 0.3, 2.34]
[0.27, 0.2, 0.3, 0.3, -0.61]
[0.2, 0.2, 0.3, 0.3, -0.61]
[0.24, 0.2, 0.3, 0.3, -0.61]
[0.3, 0.2, 0.3, 0.3, -0.72]
[0.42, 0.2, 0.3, 0.3, -0.72]
[0.47, 0.2, 0.3, 0.3, -0.72]
[0.48, 0.2, 0.3, 0.3, 0.47]
[0.5, 0.2, 0.3, 0.3, 0.47]
[0.5, 0.2, 0.3, 0.3, 0.47]
[-19.57, 0.2, 0.3, 0.3, -0.11]
[0.49, 0.2, 0.3, 0.3, -0.11]
[0.52, 0.2, 0.3, 0.3, -0.11]
[0.58, 0.2, 0.3, 0.3, -0.09]
[0.7, 0.2, 0.3, 0.3, -0.09]
[0.78, 0.2, 0.3, 0.3, -0.09]
[0.85, 0.2, 0.3, 0.3, 0.65]
[0.92, 0.2, 0.3, 0.3, 0.65]
[0.92, 0.2, 0.3, 0.3, 0.65]
[0.9, 0.2, 0.3, 0.3, 0.39]
[0.8, 0.2, 0.3, 0.3, 0.39]
[0.73, 0.2, 0.3, 0.3, 0.39]
[0.67, 0.2, 0.3, 0.3, -0.63]
[0.64, 0.2, 0.3, 0.3, -0.63]
[0.66, 0.2, 0.3, 0.3, -0.63]
[0.7, 0.2, 0.3, 0.3, -0.29]
[0.78, 0.2, 0.3, 0.3, -0.29]
[0.85, 0.2, 0.3, 0.3, -0.29]
[0.9, 0.2, 0.3, 0.3, 0.57]
[0.99, 0.2, 0.3, 0.3, 0.57]
[0.99, 0.2, 0.3, 0.3, 0.57]
[0.89, 0.2, 0.3, 0.3, 0.5]
[0.8, 0.2, 0.3, 0.3, 0.5]
[0.75, 0.2, 0.3, 0.3, 0.5]
[0.73, 0.2, 0.3, 0.3, -0.7]
[0.79, 0.2, 0.3, 0.3, -0.7]
[0.87, 0.2, 0.3, 0.3, -0.7]
[1.03, 0.2, 0.3, 0.3, 0.47]
[1.11, 0.2, 0.3, 0.3, 0.47]
[1.15, 0.2, 0.3, 0.3, 0.47]
[1.14, 0.2, 0.3, 0.3, 1.02]
[1.1, 0.2, 0.3, 0.3, 1.02]
[1.03, 0.2, 0.3, 0.3, 1.02]
[0.92, 0.2, 0.3, 0.3, -0.17]
[0.86, 0.2, 0.3, 0.3, -0.17]
[0.82, 0.2, 0.3, 0.3, -0.17]
[0.83, 0.2, 0.3, 0.3, -0.46]
[0.91, 0.2, 0.3, 0.3, -0.46]
[1.02, 0.2, 0.3, 0.3, -0.46]
[1.29, 0.2, 0.3, 0.3, 0.83]
[1.45, 0.2, 0.3, 0.3, 0.83]
[1.57, 0.2, 0.3, 0.3, 0.83]
[1.55, 0.2, 0.3, 0.3, 2.03]
[1.38, 0.2, 0.3, 0.3, 2.03]
[1.06, 0.2, 0.3, 0.3, 2.03]
[0.06, 0.2, 0.3, 0.3, -1.21]
[-0.91, 0.2, 0.3, 0.3, -1.21]
[-2.2, 0.2, 0.3, 0.3, -1.21]
[-5.06, 0.2, 0.3, 0.3, -10.15]
[-7.19, 0.2, 0.3, 0.3, -10.15]
[-9.51, 0.2, 0.3, 0.3, -10.15]
[-13.74, 0.2, 0.3, 0.3, -24.08]
[-16.36, 0.2, 0.3, 0.3, -24.08]
[-18.89, 0.2, 0.3, 0.3, -24.08]
[-22.79, 0.2, 0.3, 0.3, -32.73]
[-24.77, 0.2, 0.3, 0.3, -32.73]
[-27.43, 0.2, 0.3, 0.3, -32.73]
[-28.65, 0.2, 0.3, 0.3, -32.73]
[-29.55, 0.2, 0.3, 0.3, -32.73]
[-30.32, 0.2, 0.3, 0.3, -32.73]
[-30.42, 0.2, 0.3, 0.3, -17.27]
[-30.32, 0.2, 0.3, 0.3, -17.27]
[-29.89, 0.2, 0.3, 0.3, -17.27]
[-29.63, 0.2, 0.3, 0.3, -8.11]
[-29.35, 0.2, 0.3, 0.3, -8.11]
[-29.33, 0.2, 0.3, 0.3, -8.11]
[-29.45, 0.2, 0.3, 0.3, -8.5]
[-29.95, 0.2, 0.3, 0.3, -8.5]
[-30.39, 0.2, 0.3, 0.3, -8.5]
[-30.89, 0.2, 0.3, 0.3, -14.47]
[-31.85, 0.2, 0.3, 0.3, -14.47]
[-32.49, 0.2, 0.3, 0.3, -14.47]
[-33.56, 0.2, 0.3, 0.3, -18.99]
[-34.18, 0.2, 0.3, 0.3, -18.99]
[-34.75, 0.2, 0.3, 0.3, -18.99]
[-35.55, 0.2, 0.3, 0.3, -20.99]
[-35.91, 0.2, 0.3, 0.3, -20.99]
[-36.19, 0.2, 0.3, 0.3, -20.99]
[-36.54, 0.2, 0.3, 0.3, -19.88]
[-36.71, 0.2, 0.3, 0.3, -19.88]
[-36.86, 0.2, 0.3, 0.3, -19.88]
[-37.02, 0.2, 0.3, 0.3, -18.82]
[-37.06, 0.2, 0.3, 0.3, -18.82]
[-37.08, 0.2, 0.3, 0.3, -18.82]
[-37.02, 0.2, 0.3, 0.3, -18.6]
[-36.99, 0.2, 0.3, 0.3, -18.6]
[-36.96, 0.2, 0.3, 0.3, -18.6]
[-36.92, 0.2, 0.3, 0.3, -18.69]
[-36.89, 0.2, 0.3, 0.3, -18.69]
[-36.89, 0.2, 0.3, 0.3, -18.69]
[-36.92, 0.2, 0.3, 0.3, -19.94]
[-36.97, 0.2, 0.3, 0.3, -19.94]
[-37.09, 0.2, 0.3, 0.3, -19.94]
[-37.14, 0.2, 0.3, 0.3, -21.88]
[-37.16, 0.2, 0.3, 0.3, -21.88]
[-37.11, 0.2, 0.3, 0.3, -21.88]
[-37.06, 0.2, 0.3, 0.3, -22.48]
[-36.98, 0.2, 0.3, 0.3, -22.48]
[-36.96, 0.2, 0.3, 0.3, -22.48]
[-37.0, 0.2, 0.3, 0.3, -23.05]
[-37.11, 0.2, 0.3, 0.3, -23.05]
[-37.18, 0.2, 0.3, 0.3, -23.05]
[-37.23, 0.2, 0.3, 0.3, -25.29]
[-37.22, 0.2, 0.3, 0.3, -25.29]
[-37.15, 0.2, 0.3, 0.3, -25.29]
[-37.06, 0.2, 0.3, 0.3, -25.67]
[-36.88, 0.2, 0.3, 0.3, -25.67]
[-36.74, 0.2, 0.3, 0.3, -25.67]
[-36.63, 0.2, 0.3, 0.3, -25.54]
[-36.44, 0.2, 0.3, 0.3, -25.54]
[-36.29, 0.2, 0.3, 0.3, -25.54]
[-36.13, 0.2, 0.3, 0.3, -26.43]
[-36.02, 0.2, 0.3, 0.3, -26.43]
[-36.07, 0.2, 0.3, 0.3, -26.43]
[-36.21, 0.2, 0.3, 0.3, -28.15]
[-36.41, 0.2, 0.3, 0.3, -28.15]
[-36.77, 0.2, 0.3, 0.3, -28.15]
[-37.49, 0.2, 0.3, 0.3, -32.17]
[-37.83, 0.2, 0.3, 0.3, -32.17]
[-38.04, 0.2, 0.3, 0.3, -32.17]
[-38.18, 0.2, 0.3, 0.3, -35.27]
[-38.19, 0.2, 0.3, 0.3, -35.27]
[-38.17, 0.2, 0.3, 0.3, -35.27]
[-38.08, 0.2, 0.3, 0.3, -33.0]
[-37.94, 0.2, 0.3, 0.3, -33.0]
[-37.48, 0.2, 0.3, 0.3, -33.0]
[-37.04, 0.2, 0.3, 0.3, -31.52]
[-36.47, 0.2, 0.3, 0.3, -31.52]
[-35.25, 0.2, 0.3, 0.3, -31.52]
[-34.4, 0.2, 0.3, 0.3, -27.55]
[-32.75, 0.2, 0.3, 0.3, -27.55]
[-31.64, 0.2, 0.3, 0.3, -27.55]
[-30.45, 0.2, 0.3, 0.3, -23.63]
[-28.2, 0.2, 0.3, 0.3, -23.63]
[-26.69, 0.2, 0.3, 0.3, -23.63]
[-25.09, 0.2, 0.3, 0.3, -19.38]
[-22.25, 0.2, 0.3, 0.3, -19.38]
[-20.45, 0.2, 0.3, 0.3, -19.38]
[-18.6, 0.2, 0.3, 0.3, -14.93]
[-15.41, 0.2, 0.3, 0.3, -14.93]
[-13.42, 0.2, 0.3, 0.3, -14.93]
[-11.36, 0.2, 0.3, 0.3, -11.51]
[-7.85, 0.2, 0.3, 0.3, -11.51]
[-5.68, 0.2, 0.3, 0.3, -11.51]
[-3.48, 0.2, 0.3, 0.3, -8.04]
[0.22, 0.2, 0.3, 0.3, -8.04]
[2.47, 0.2, 0.3, 0.3, -8.04]
[6.21, 0.2, 0.3, 0.3, -5.09]
[8.45, 0.2, 0.3, 0.3, -5.09]
[10.65, 0.2, 0.3, 0.3, -5.09]
[14.28, 0.2, 0.3, 0.3, -3.03]
[16.43, 0.2, 0.3, 0.3, -3.03]
[18.54, 0.2, 0.3, 0.3, -3.03]
[22.03, 0.2, 0.3, 0.3, -1.8]
[24.08, 0.2, 0.3, 0.3, -1.8]
[26.1, 0.2, 0.3, 0.3, -1.8]
[29.38, 0.2, 0.3, 0.3, -0.48]
[31.29, 0.2, 0.3, 0.3, -0.48]
[33.17, 0.2, 0.3, 0.3, -0.48]
[36.24, 0.2, 0.3, 0.3, 0.46]
[38.02, 0.2, 0.3, 0.3, 0.46]
[39.76, 0.2, 0.3, 0.3, 0.46]
[42.59, 0.2, 0.3, 0.3, 1.56]
[44.22, 0.2, 0.3, 0.3, 1.56]
[46.84, 0.2, 0.3, 0.3, 1.56]
[48.34, 0.2, 0.3, 0.3, 5.81]
[49.81, 0.2, 0.3, 0.3, 5.81]
[52.11, 0.2, 0.3, 0.3, 5.81]
[53.42, 0.2, 0.3, 0.3, 3.03]
[54.68, 0.2, 0.3, 0.3, 3.03]
[56.65, 0.2, 0.3, 0.3, 3.03]
[57.76, 0.2, 0.3, 0.3, 3.43]
[58.8, 0.2, 0.3, 0.3, 3.43]
[60.4, 0.2, 0.3, 0.3, 3.43]
[61.3, 0.2, 0.3, 0.3, 3.62]
[62.13, 0.2, 0.3, 0.3, 3.62]
[63.39, 0.2, 0.3, 0.3, 3.62]
[64.07, 0.2, 0.3, 0.3, 3.83]
[64.7, 0.2, 0.3, 0.3, 3.83]
[65.62, 0.2, 0.3, 0.3, 3.83]
[66.09, 0.2, 0.3, 0.3, 3.98]
[66.76, 0.2, 0.3, 0.3, 3.98]
[67.09, 0.2, 0.3, 0.3, 3.98]
[67.35, 0.2, 0.3, 0.3, 4.0]
[67.69, 0.2, 0.3, 0.3, 4.0]
[67.82, 0.2, 0.3, 0.3, 4.0]
[67.89, 0.2, 0.3, 0.3, 3.98]
[67.91, 0.2, 0.3, 0.3, 3.98]
[67.84, 0.2, 0.3, 0.3, 3.98]
[67.73, 0.2, 0.3, 0.3, 3.87]
[67.43, 0.2, 0.3, 0.3, 3.87]
[67.18, 0.2, 0.3, 0.3, 3.87]
[66.87, 0.2, 0.3, 0.3, 3.7]
[66.26, 0.2, 0.3, 0.3, 3.7]
[65.84, 0.2, 0.3, 0.3, 3.7]
[65.36, 0.2, 0.3, 0.3, 3.39]
[64.45, 0.2, 0.3, 0.3, 3.39]
[63.84, 0.2, 0.3, 0.3, 3.39]
[63.19, 0.2, 0.3, 0.3, 2.94]
[62.01, 0.2, 0.3, 0.3, 2.94]
[61.23, 0.2, 0.3, 0.3, 2.94]
[60.42, 0.2, 0.3, 0.3, 2.41]
[58.96, 0.2, 0.3, 0.3, 2.41]
[58.03, 0.2, 0.3, 0.3, 2.41]
[57.05, 0.2, 0.3, 0.3, 1.72]
[55.33, 0.2, 0.3, 0.3, 1.72]
[54.24, 0.2, 0.3, 0.3, 1.72]
[53.11, 0.2, 0.3, 0.3, 0.84]
[51.15, 0.2, 0.3, 0.3, 0.84]
[49.92, 0.2, 0.3, 0.3, 0.84]
[48.66, 0.2, 0.3, 0.3, -0.12]
[46.48, 0.2, 0.3, 0.3, -0.12]
[45.13, 0.2, 0.3, 0.3, -0.12]
[43.74, 0.2, 0.3, 0.3, -1.14]
[41.37, 0.2, 0.3, 0.3, -1.14]
[39.91, 0.2, 0.3, 0.3, -1.14]
[37.41, 0.2, 0.3, 0.3, -2.28]
[35.88, 0.2, 0.3, 0.3, -2.28]
[34.32, 0.2, 0.3, 0.3, -2.28]
[31.67, 0.2, 0.3, 0.3, -3.45]
[30.05, 0.2, 0.3, 0.3, -3.45]
[28.4, 0.2, 0.3, 0.3, -3.45]
[25.59, 0.2, 0.3, 0.3, -4.8]
[23.88, 0.2, 0.3, 0.3, -4.8]
[22.16, 0.2, 0.3, 0.3, -4.8]
[19.25, 0.2, 0.3, 0.3, -6.35]
[17.47, 0.2, 0.3, 0.3, -6.35]
[15.68, 0.2, 0.3, 0.3, -6.35]
[12.68, 0.2, 0.3, 0.3, -7.86]
[10.86, 0.2, 0.3, 0.3, -7.86]
[9.02, 0.2, 0.3, 0.3, -7.86]
[5.98, 0.2, 0.3, 0.3, -9.47]
[4.13, 0.2, 0.3, 0.3, -9.47]
[1.05, 0.2, 0.3, 0.3, -9.47]
[-0.78, 0.2, 0.3, 0.3, -14.99]
[-2.62, 0.2, 0.3, 0.3, -14.99]
[-5.67, 0.2, 0.3, 0.3, -14.99]
[-7.45, 0.2, 0.3, 0.3, -12.73]
[-9.23, 0.2, 0.3, 0.3, -12.73]
[-12.14, 0.2, 0.3, 0.3, -12.73]
[-13.83, 0.2, 0.3, 0.3, -13.64]
[-15.48, 0.2, 0.3, 0.3, -13.64]
[-18.16, 0.2, 0.3, 0.3, -13.64]
[-19.72, 0.2, 0.3, 0.3, -14.04]
[-21.24, 0.2, 0.3, 0.3, -14.04]
[-23.66, 0.2, 0.3, 0.3, -14.04]
[-25.07, 0.2, 0.3, 0.3, -14.31]
[-26.42, 0.2, 0.3, 0.3, -14.31]
[-28.55, 0.2, 0.3, 0.3, -14.31]
[-29.79, 0.2, 0.3, 0.3, -14.3]
[-31.72, 0.2, 0.3, 0.3, -14.3]
[-32.82, 0.2, 0.3, 0.3, -14.3]
[-33.88, 0.2, 0.3, 0.3, -14.29]
[-35.48, 0.2, 0.3, 0.3, -14.29]
[-36.38, 0.2, 0.3, 0.3, -14.29]
[-37.22, 0.2, 0.3, 0.3, -13.93]
[-38.49, 0.2, 0.3, 0.3, -13.93]
[-39.19, 0.2, 0.3, 0.3, -13.93]
[-40.2, 0.2, 0.3, 0.3, -13.44]
[-40.74, 0.2, 0.3, 0.3, -13.44]
[-41.22, 0.2, 0.3, 0.3, -13.44]
[-41.88, 0.2, 0.3, 0.3, -12.75]
[-42.21, 0.2, 0.3, 0.3, -12.75]
[-42.48, 0.2, 0.3, 0.3, -12.75]
[-42.78, 0.2, 0.3, 0.3, -11.95]
[-42.9, 0.2, 0.3, 0.3, -11.95]
[-42.96, 0.2, 0.3, 0.3, -11.95]
[-42.93, 0.2, 0.3, 0.3, -11.03]
[-42.84, 0.2, 0.3, 0.3, -11.03]
[-42.6, 0.2, 0.3, 0.3, -11.03]
[-42.38, 0.2, 0.3, 0.3, -9.67]
[-42.12, 0.2, 0.3, 0.3, -9.67]
[-41.59, 0.2, 0.3, 0.3, -9.67]
[-41.21, 0.2, 0.3, 0.3, -8.81]
[-40.8, 0.2, 0.3, 0.3, -8.81]
[-40.01, 0.2, 0.3, 0.3, -8.81]
[-39.48, 0.2, 0.3, 0.3, -7.95]
[-38.92, 0.2, 0.3, 0.3, -7.95]
[-37.9, 0.2, 0.3, 0.3, -7.95]
[-37.24, 0.2, 0.3, 0.3, -7.09]
[-36.55, 0.2, 0.3, 0.3, -7.09]
[-35.31, 0.2, 0.3, 0.3, -7.09]
[-34.53, 0.2, 0.3, 0.3, -6.18]
[-33.15, 0.2, 0.3, 0.3, -6.18]
[-32.28, 0.2, 0.3, 0.3, -6.18]
[-31.38, 0.2, 0.3, 0.3, -5.22]
[-29.83, 0.2, 0.3, 0.3, -5.22]
[-28.88, 0.2, 0.3, 0.3, -5.22]
[-27.9, 0.2, 0.3, 0.3, -4.3]
[-26.21, 0.2, 0.3, 0.3, -4.3]
[-25.18, 0.2, 0.3, 0.3, -4.3]
[-24.14, 0.2, 0.3, 0.3, -3.43]
[-22.36, 0.2, 0.3, 0.3, -3.43]
[-21.29, 0.2, 0.3, 0.3, -3.43]
[-20.23, 0.2, 0.3, 0.3, -2.73]
[-18.4, 0.2, 0.3, 0.3, -2.73]
[-17.31, 0.2, 0.3, 0.3, -2.73]
[-16.22, 0.2, 0.3, 0.3, -2.16]
[-14.37, 0.2, 0.3, 0.3, -2.16]
[-13.28, 0.2, 0.3, 0.3, -2.16]
[-11.43, 0.2, 0.3, 0.3, -1.59]
[-10.34, 0.2, 0.3, 0.3, -1.59]
[-9.28, 0.2, 0.3, 0.3, -1.59]
[-7.48, 0.2, 0.3, 0.3, -1.18]
[-6.42, 0.2, 0.3, 0.3, -1.18]
[-5.37, 0.2, 0.3, 0.3, -1.18]
[-3.64, 0.2, 0.3, 0.3, -0.84]
[-2.63, 0.2, 0.3, 0.3, -0.84]
[-0.98, 0.2, 0.3, 0.3, -0.84]
[-0.0, 0.2, 0.3, 0.3, 1.48]
[0.95, 0.2, 0.3, 0.3, 1.48]
[2.5, 0.2, 0.3, 0.3, 1.48]
[3.41, 0.2, 0.3, 0.3, -0.51]
[4.3, 0.2, 0.3, 0.3, -0.51]
[5.71, 0.2, 0.3, 0.3, -0.51]
[6.54, 0.2, 0.3, 0.3, -0.48]
[7.34, 0.2, 0.3, 0.3, -0.48]
[8.6, 0.2, 0.3, 0.3, -0.48]
[9.35, 0.2, 0.3, 0.3, -0.6]
[10.06, 0.2, 0.3, 0.3, -0.6]
[11.41, 0.2, 0.3, 0.3, -0.6]
[12.04, 0.2, 0.3, 0.3, 0.02]
[12.64, 0.2, 0.3, 0.3, 0.02]
[13.62, 0.2, 0.3, 0.3, 0.02]
[14.16, 0.2, 0.3, 0.3, -0.9]
[14.67, 0.2, 0.3, 0.3, -0.9]
[15.48, 0.2, 0.3, 0.3, -0.9]
[15.91, 0.2, 0.3, 0.3, -1.11]
[16.33, 0.2, 0.3, 0.3, -1.11]
[16.97, 0.2, 0.3, 0.3, -1.11]
[17.31, 0.2, 0.3, 0.3, -1.39]
[17.63, 0.2, 0.3, 0.3, -1.39]
[18.11, 0.2, 0.3, 0.3, -1.39]
[18.35, 0.2, 0.3, 0.3, -1.72]
[18.71, 0.2, 0.3, 0.3, -1.72]
[18.88, 0.2, 0.3, 0.3, -1.72]
[19.04, 0.2, 0.3, 0.3, -2.08]
[19.23, 0.2, 0.3, 0.3, -2.08]
[19.31, 0.2, 0.3, 0.3, -2.08]
[19.38, 0.2, 0.3, 0.3, -2.43]
[19.42, 0.2, 0.3, 0.3, -2.43]
[19.41, 0.2, 0.3, 0.3, -2.43]
[19.38, 0.2, 0.3, 0.3, -2.83]
[19.28, 0.2, 0.3, 0.3, -2.83]
[19.18, 0.2, 0.3, 0.3, -2.83]
[19.08, 0.2, 0.3, 0.3, -3.28]
[18.82, 0.2, 0.3, 0.3, -3.28]
[18.66, 0.2, 0.3, 0.3, -3.28]
[18.47, 0.2, 0.3, 0.3, -3.72]
[18.09, 0.2, 0.3, 0.3, -3.72]
[17.85, 0.2, 0.3, 0.3, -3.72]
[17.4, 0.2, 0.3, 0.3, -4.19]
[17.1, 0.2, 0.3, 0.3, -4.19]
[16.8, 0.2, 0.3, 0.3, -4.19]
[16.22, 0.2, 0.3, 0.3, -4.64]
[15.87, 0.2, 0.3, 0.3, -4.64]
[15.5, 0.2, 0.3, 0.3, -4.64]
[14.84, 0.2, 0.3, 0.3, -5.15]
[14.43, 0.2, 0.3, 0.3, -5.15]
[14.02, 0.2, 0.3, 0.3, -5.15]
[13.28, 0.2, 0.3, 0.3, -5.61]
[12.83, 0.2, 0.3, 0.3, -5.61]
[12.37, 0.2, 0.3, 0.3, -5.61]
[11.57, 0.2, 0.3, 0.3, -6.05]
[11.09, 0.2, 0.3, 0.3, -6.05]
[10.61, 0.2, 0.3, 0.3, -6.05]
[9.78, 0.2, 0.3, 0.3, -6.41]
[9.28, 0.2, 0.3, 0.3, -6.41]
[8.42, 0.2, 0.3, 0.3, -6.41]
[7.91, 0.2, 0.3, 0.3, -7.89]
[7.4, 0.2, 0.3, 0.3, -7.89]
[6.52, 0.2, 0.3, 0.3, -7.89]
[6.0, 0.2, 0.3, 0.3, -7.21]
[5.47, 0.2, 0.3, 0.3, -7.21]
[4.6, 0.2, 0.3, 0.3, -7.21]
[4.07, 0.2, 0.3, 0.3, -7.53]
[3.55, 0.2, 0.3, 0.3, -7.53]
[2.69, 0.2, 0.3, 0.3, -7.53]
[2.18, 0.2, 0.3, 0.3, -7.77]
[1.68, 0.2, 0.3, 0.3, -7.77]
[0.85, 0.2, 0.3, 0.3, -7.77]
[0.37, 0.2, 0.3, 0.3, -7.92]
[-0.1, 0.2, 0.3, 0.3, -7.92]
[-0.9, 0.2, 0.3, 0.3, -7.92]
[-1.4, 0.2, 0.3, 0.3, -8.04]
[-1.91, 0.2, 0.3, 0.3, -8.04]
[-2.78, 0.2, 0.3, 0.3, -8.04]
[-3.32, 0.2, 0.3, 0.3, -8.86]
[-3.85, 0.2, 0.3, 0.3, -8.86]
[-4.71, 0.2, 0.3, 0.3, -8.86]
[-5.21, 0.2, 0.3, 0.3, -9.56]
[-5.7, 0.2, 0.3, 0.3, -9.56]
[-6.47, 0.2, 0.3, 0.3, -9.56]
[-6.91, 0.2, 0.3, 0.3, -9.58]
[-7.57, 0.2, 0.3, 0.3, -9.58]
[-7.97, 0.2, 0.3, 0.3, -9.58]
[-8.34, 0.2, 0.3, 0.3, -9.34]
[-8.87, 0.2, 0.3, 0.3, -9.34]
[-9.19, 0.2, 0.3, 0.3, -9.34]
[-9.49, 0.2, 0.3, 0.3, -9.05]
[-9.89, 0.2, 0.3, 0.3, -9.05]
[-10.12, 0.2, 0.3, 0.3, -9.05]
[-10.34, 0.2, 0.3, 0.3, -8.63]
[-10.61, 0.2, 0.3, 0.3, -8.63]
[-10.77, 0.2, 0.3, 0.3, -8.63]
[-10.89, 0.2, 0.3, 0.3, -8.25]
[-11.04, 0.2, 0.3, 0.3, -8.25]
[-11.12, 0.2, 0.3, 0.3, -8.25]
[-11.17, 0.2, 0.3, 0.3, -7.77]
[-11.2, 0.2, 0.3, 0.3, -7.77]
[-11.2, 0.2, 0.3, 0.3, -7.77]
[-11.14, 0.2, 0.3, 0.3, -7.29]
[-11.08, 0.2, 0.3, 0.3, -7.29]
[-11.01, 0.2, 0.3, 0.3, -7.29]
[-10.84, 0.2, 0.3, 0.3, -6.79]
[-10.7, 0.2, 0.3, 0.3, -6.79]
[-10.56, 0.2, 0.3, 0.3, -6.79]
[-10.29, 0.2, 0.3, 0.3, -6.23]
[-10.09, 0.2, 0.3, 0.3, -6.23]
[-9.88, 0.2, 0.3, 0.3, -6.23]
[-9.52, 0.2, 0.3, 0.3, -5.72]
[-9.28, 0.2, 0.3, 0.3, -5.72]
[-9.02, 0.2, 0.3, 0.3, -5.72]
[-8.58, 0.2, 0.3, 0.3, -5.25]
[-8.29, 0.2, 0.3, 0.3, -5.25]
[-7.99, 0.2, 0.3, 0.3, -5.25]
[-7.48, 0.2, 0.3, 0.3, -4.78]
[-7.15, 0.2, 0.3, 0.3, -4.78]
[-6.59, 0.2, 0.3, 0.3, -4.78]
[-6.26, 0.2, 0.3, 0.3, -3.61]
[-5.92, 0.2, 0.3, 0.3, -3.61]
[-5.32, 0.2, 0.3, 0.3, -3.61]
[-4.98, 0.2, 0.3, 0.3, -3.9]
[-4.64, 0.2, 0.3, 0.3, -3.9]
[-4.05, 0.2, 0.3, 0.3, -3.9]
[-3.71, 0.2, 0.3, 0.3, -3.74]
[-3.37, 0.2, 0.3, 0.3, -3.74]
[-2.7, 0.2, 0.3, 0.3, -3.74]
[-2.37, 0.2, 0.3, 0.3, -3.33]
[-2.04, 0.2, 0.3, 0.3, -3.33]
[-1.48, 0.2, 0.3, 0.3, -3.33]
[-1.16, 0.2, 0.3, 0.3, -3.5]
[-0.85, 0.2, 0.3, 0.3, -3.5]
[-0.34, 0.2, 0.3, 0.3, -3.5]
[-0.05, 0.2, 0.3, 0.3, -3.56]
[0.38, 0.2, 0.3, 0.3, -3.56]
[0.64, 0.2, 0.3, 0.3, -3.56]
[0.87, 0.2, 0.3, 0.3, -3.79]
[1.19, 0.2, 0.3, 0.3, -3.79]
[1.37, 0.2, 0.3, 0.3, -3.79]
[1.59, 0.2, 0.3, 0.3, -4.37]
[1.71, 0.2, 0.3, 0.3, -4.37]
[1.8, 0.2, 0.3, 0.3, -4.37]
[1.9, 0.2, 0.3, 0.3, -5.14]
[1.94, 0.2, 0.3, 0.3, -5.14]
[1.99, 0.2, 0.3, 0.3, -5.14]
[1.99, 0.2, 0.3, 0.3, -5.75]
[1.97, 0.2, 0.3, 0.3, -5.75]
[1.96, 0.2, 0.3, 0.3, -5.75]
[1.92, 0.2, 0.3, 0.3, -6.35]
[1.89, 0.2, 0.3, 0.3, -6.35]
[1.84, 0.2, 0.3, 0.3, -6.35]
[1.78, 0.2, 0.3, 0.3, -6.59]
[1.72, 0.2, 0.3, 0.3, -6.59]
[1.66, 0.2, 0.3, 0.3, -6.59]
[1.6, 0.2, 0.3, 0.3, -6.77]
[1.52, 0.2, 0.3, 0.3, -6.77]
[1.46, 0.2, 0.3, 0.3, -6.77]
[1.41, 0.2, 0.3, 0.3, -6.81]
[1.34, 0.2, 0.3, 0.3, -6.81]
[1.29, 0.2, 0.3, 0.3, -6.81]
[1.22, 0.2, 0.3, 0.3, -6.72]
[1.19, 0.2, 0.3, 0.3, -6.72]
[1.15, 0.2, 0.3, 0.3, -6.72]
[1.1, 0.2, 0.3, 0.3, -6.63]
[1.07, 0.2, 0.3, 0.3, -6.63]
[1.04, 0.2, 0.3, 0.3, -6.63]
[1.0, 0.2, 0.3, 0.3, -6.53]
[0.98, 0.2, 0.3, 0.3, -6.53]
[0.96, 0.2, 0.3, 0.3, -6.53]
[0.93, 0.2, 0.3, 0.3, -6.44]
[0.91, 0.2, 0.3, 0.3, -6.44]
[0.87, 0.2, 0.3, 0.3, -6.44]
[0.79, 0.2, 0.3, 0.3, -6.43]
[0.71, 0.2, 0.3, 0.3, -6.43]
[0.6, 0.2, 0.3, 0.3, -6.43]
[0.41, 0.2, 0.3, 0.3, -7.03]
[0.25, 0.2, 0.3, 0.3, -7.03]
[0.07, 0.2, 0.3, 0.3, -7.03]
[-0.25, 0.2, 0.3, 0.3, -7.91]
[-0.48, 0.2, 0.3, 0.3, -7.91]
[-0.73, 0.2, 0.3, 0.3, -7.91]
[-1.16, 0.2, 0.3, 0.3, -8.91]
[-1.45, 0.2, 0.3, 0.3, -8.91]
[-1.76, 0.2, 0.3, 0.3, -8.91]
[-2.29, 0.2, 0.3, 0.3, -9.84]
[-2.62, 0.2, 0.3, 0.3, -9.84]
[-3.12, 0.2, 0.3, 0.3, -9.84]
[-3.41, 0.2, 0.3, 0.3, -11.2]
[-3.69, 0.2, 0.3, 0.3, -11.2]
[-4.07, 0.2, 0.3, 0.3, -11.2]
[-4.28, 0.2, 0.3, 0.3, -10.29]
[-4.46, 0.2, 0.3, 0.3, -10.29]
[-4.72, 0.2, 0.3, 0.3, -10.29]
[-4.84, 0.2, 0.3, 0.3, -9.64]
[-4.93, 0.2, 0.3, 0.3, -9.64]
[-5.05, 0.2, 0.3, 0.3, -9.64]
[-5.09, 0.2, 0.3, 0.3, -8.93]
[-5.09, 0.2, 0.3, 0.3, -8.93]
[-5.07, 0.2, 0.3, 0.3, -8.93]
[-5.01, 0.2, 0.3, 0.3, -8.12]
[-4.93, 0.2, 0.3, 0.3, -8.12]
[-4.78, 0.2, 0.3, 0.3, -8.12]
[-4.65, 0.2, 0.3, 0.3, -7.3]
[-4.39, 0.2, 0.3, 0.3, -7.3]
[-4.21, 0.2, 0.3, 0.3, -7.3]
[-4.01, 0.2, 0.3, 0.3, -6.48]
[-3.67, 0.2, 0.3, 0.3, -6.48]
[-3.43, 0.2, 0.3, 0.3, -6.48]
[-3.2, 0.2, 0.3, 0.3, -5.8]
[-2.78, 0.2, 0.3, 0.3, -5.8]
[-2.51, 0.2, 0.3, 0.3, -5.8]
[-2.24, 0.2, 0.3, 0.3, -5.25]
[-1.76, 0.2, 0.3, 0.3, -5.25]
[-1.47, 0.2, 0.3, 0.3, -5.25]
[-1.17, 0.2, 0.3, 0.3, -4.73]
[-0.64, 0.2, 0.3, 0.3, -4.73]
[-0.34, 0.2, 0.3, 0.3, -4.73]
[-0.03, 0.2, 0.3, 0.3, -4.24]
[0.5, 0.2, 0.3, 0.3, -4.24]
[0.78, 0.2, 0.3, 0.3, -4.24]
[1.23, 0.2, 0.3, 0.3, -4.05]
[1.46, 0.2, 0.3, 0.3, -4.05]
[1.67, 0.2, 0.3, 0.3, -4.05]
[1.99, 0.2, 0.3, 0.3, -4.47]
[2.15, 0.2, 0.3, 0.3, -4.47]
[2.29, 0.2, 0.3, 0.3, -4.47]
[2.49, 0.2, 0.3, 0.3, -5.12]
[2.59, 0.2, 0.3, 0.3, -5.12]
[2.68, 0.2, 0.3, 0.3, -5.12]
[2.79, 0.2, 0.3, 0.3, -5.63]
[2.85, 0.2, 0.3, 0.3, -5.63]
[2.91, 0.2, 0.3, 0.3, -5.63]
[2.95, 0.2, 0.3, 0.3, -5.98]
[2.99, 0.2, 0.3, 0.3, -5.98]
[3.01, 0.2, 0.3, 0.3, -5.98]
[3.02, 0.2, 0.3, 0.3, -6.27]
[3.02, 0.2, 0.3, 0.3, -6.27]
[3.01, 0.2, 0.3, 0.3, -6.27]
[3.01, 0.2, 0.3, 0.3, -6.48]
[2.99, 0.2, 0.3, 0.3, -6.48]
[2.96, 0.2, 0.3, 0.3, -6.48]
[2.94, 0.2, 0.3, 0.3, -6.54]
[2.9, 0.2, 0.3, 0.3, -6.54]
[2.86, 0.2, 0.3, 0.3, -6.54]
[2.82, 0.2, 0.3, 0.3, -6.62]
[2.78, 0.2, 0.3, 0.3, -6.62]
[2.74, 0.2, 0.3, 0.3, -6.62]
[2.7, 0.2, 0.3, 0.3, -6.63]
[2.69, 0.2, 0.3, 0.3, -6.63]
[2.65, 0.2, 0.3, 0.3, -6.63]
[2.64, 0.2, 0.3, 0.3, -6.48]
[2.64, 0.2, 0.3, 0.3, -6.48]
[2.63, 0.2, 0.3, 0.3, -6.48]
[2.64, 0.2, 0.3, 0.3, -6.2]
[2.66, 0.2, 0.3, 0.3, -6.2]
[2.68, 0.2, 0.3, 0.3, -6.2]
[2.71, 0.2, 0.3, 0.3, -5.9]
[2.74, 0.2, 0.3, 0.3, -5.9]
[2.78, 0.2, 0.3, 0.3, -5.9]
[2.81, 0.2, 0.3, 0.3, -5.65]
[2.84, 0.2, 0.3, 0.3, -5.65]
[2.9, 0.2, 0.3, 0.3, -5.65]
[2.93, 0.2, 0.3, 0.3, -5.48]
[2.97, 0.2, 0.3, 0.3, -5.48]
[3.03, 0.2, 0.3, 0.3, -5.48]
[3.08, 0.2, 0.3, 0.3, -5.32]
[3.13, 0.2, 0.3, 0.3, -5.32]
[3.19, 0.2, 0.3, 0.3, -5.32]
[3.24, 0.2, 0.3, 0.3, -5.1]
[3.29, 0.2, 0.3, 0.3, -5.1]
[3.37, 0.2, 0.3, 0.3, -5.1]
[3.41, 0.2, 0.3, 0.3, -4.93]
[3.48, 0.2, 0.3, 0.3, -4.93]
[3.53, 0.2, 0.3, 0.3, -4.93]
[3.57, 0.2, 0.3, 0.3, -4.83]
[3.64, 0.2, 0.3, 0.3, -4.83]
[3.67, 0.2, 0.3, 0.3, -4.83]
[3.71, 0.2, 0.3, 0.3, -4.73]
[3.71, 0.2, 0.3, 0.3, -4.73]
[3.83, 0.2, 0.3, 0.3, -4.73]
[3.89, 0.2, 0.3, 0.3, -4.57]
[3.94, 0.2, 0.3, 0.3, -4.57]
[4.0, 0.2, 0.3, 0.3, -4.57]
[4.05, 0.2, 0.3, 0.3, -4.35]
[4.09, 0.2, 0.3, 0.3, -4.35]
[4.16, 0.2, 0.3, 0.3, -4.35]
[4.18, 0.2, 0.3, 0.3, -4.26]
[4.21, 0.2, 0.3, 0.3, -4.26]
[4.27, 0.2, 0.3, 0.3, -4.26]
[4.27, 0.2, 0.3, 0.3, -4.23]
[4.31, 0.2, 0.3, 0.3, -4.23]
[4.31, 0.2, 0.3, 0.3, -4.23]
[4.3, 0.2, 0.3, 0.3, -4.3]
[4.3, 0.2, 0.3, 0.3, -4.3]
[4.27, 0.2, 0.3, 0.3, -4.3]
[4.25, 0.2, 0.3, 0.3, -4.41]
[4.21, 0.2, 0.3, 0.3, -4.41]
[4.18, 0.2, 0.3, 0.3, -4.41]
[4.11, 0.2, 0.3, 0.3, -4.5]
[4.07, 0.2, 0.3, 0.3, -4.5]
[4.02, 0.2, 0.3, 0.3, -4.5]
[3.92, 0.2, 0.3, 0.3, -4.57]
[3.88, 0.2, 0.3, 0.3, -4.57]
[3.81, 0.2, 0.3, 0.3, -4.57]
[3.69, 0.2, 0.3, 0.3, -4.67]
[3.62, 0.2, 0.3, 0.3, -4.67]
[3.55, 0.2, 0.3, 0.3, -4.67]
[3.39, 0.2, 0.3, 0.3, -4.79]
[3.3, 0.2, 0.3, 0.3, -4.79]
[3.2, 0.2, 0.3, 0.3, -4.79]
[3.03, 0.2, 0.3, 0.3, -4.99]
[2.93, 0.2, 0.3, 0.3, -4.99]
[2.83, 0.2, 0.3, 0.3, -4.99]
[2.63, 0.2, 0.3, 0.3, -5.08]
[2.52, 0.2, 0.3, 0.3, -5.08]
[2.4, 0.2, 0.3, 0.3, -5.08]
[2.19, 0.2, 0.3, 0.3, -5.24]
[2.06, 0.2, 0.3, 0.3, -5.24]
[1.92, 0.2, 0.3, 0.3, -5.24]
[1.71, 0.2, 0.3, 0.3, -5.43]
[1.55, 0.2, 0.3, 0.3, -5.43]
[1.41, 0.2, 0.3, 0.3, -5.43]
[1.17, 0.2, 0.3, 0.3, -5.62]
[1.01, 0.2, 0.3, 0.3, -5.62]
[0.75, 0.2, 0.3, 0.3, -5.62]
[0.58, 0.2, 0.3, 0.3, -6.14]
[0.4, 0.2, 0.3, 0.3, -6.14]
[0.11, 0.2, 0.3, 0.3, -6.14]
[-0.09, 0.2, 0.3, 0.3, -6.21]
[-0.31, 0.2, 0.3, 0.3, -6.21]
[-0.69, 0.2, 0.3, 0.3, -6.21]
[-0.96, 0.2, 0.3, 0.3, -6.89]
[-1.24, 0.2, 0.3, 0.3, -6.89]
[-1.73, 0.2, 0.3, 0.3, -6.89]
[-2.06, 0.2, 0.3, 0.3, -7.86]
[-2.4, 0.2, 0.3, 0.3, -7.86]
[-2.95, 0.2, 0.3, 0.3, -7.86]
[-3.29, 0.2, 0.3, 0.3, -8.72]
[-3.61, 0.2, 0.3, 0.3, -8.72]
[-4.11, 0.2, 0.3, 0.3, -8.72]
[-4.41, 0.2, 0.3, 0.3, -8.91]
[-4.85, 0.2, 0.3, 0.3, -8.91]
[-5.1, 0.2, 0.3, 0.3, -8.91]
[-5.34, 0.2, 0.3, 0.3, -8.74]
[-5.68, 0.2, 0.3, 0.3, -8.74]
[-5.88, 0.2, 0.3, 0.3, -8.74]
[-6.06, 0.2, 0.3, 0.3, -8.46]
[-6.32, 0.2, 0.3, 0.3, -8.46]
[-6.46, 0.2, 0.3, 0.3, -8.46]
[-6.56, 0.2, 0.3, 0.3, -8.14]
[-6.73, 0.2, 0.3, 0.3, -8.14]
[-6.8, 0.2, 0.3, 0.3, -8.14]
[-6.84, 0.2, 0.3, 0.3, -7.72]
[-6.93, 0.2, 0.3, 0.3, -7.72]
[-6.94, 0.2, 0.3, 0.3, -7.72]
[-6.92, 0.2, 0.3, 0.3, -7.33]
[-6.9, 0.2, 0.3, 0.3, -7.33]
[-6.85, 0.2, 0.3, 0.3, -7.33]
[-6.76, 0.2, 0.3, 0.3, -6.86]
[-6.67, 0.2, 0.3, 0.3, -6.86]
[-6.56, 0.2, 0.3, 0.3, -6.86]
[-6.38, 0.2, 0.3, 0.3, -6.39]
[-6.23, 0.2, 0.3, 0.3, -6.39]
[-6.07, 0.2, 0.3, 0.3, -6.39]
[-5.81, 0.2, 0.3, 0.3, -5.87]
[-5.62, 0.2, 0.3, 0.3, -5.87]
[-5.42, 0.2, 0.3, 0.3, -5.87]
[-5.09, 0.2, 0.3, 0.3, -5.39]
[-4.86, 0.2, 0.3, 0.3, -5.39]
[-4.63, 0.2, 0.3, 0.3, -5.39]
[-4.25, 0.2, 0.3, 0.3, -5.0]
[-4.01, 0.2, 0.3, 0.3, -5.0]
[-3.76, 0.2, 0.3, 0.3, -5.0]
[-3.36, 0.2, 0.3, 0.3, -4.69]
[-3.11, 0.2, 0.3, 0.3, -4.69]
[-2.85, 0.2, 0.3, 0.3, -4.69]
[-2.43, 0.2, 0.3, 0.3, -4.46]
[-2.17, 0.2, 0.3, 0.3, -4.46]
[-1.91, 0.2, 0.3, 0.3, -4.46]
[-1.47, 0.2, 0.3, 0.3, -4.23]
[-1.2, 0.2, 0.3, 0.3, -4.23]
[-0.94, 0.2, 0.3, 0.3, -4.23]
[-0.51, 0.2, 0.3, 0.3, -4.0]
[-0.26, 0.2, 0.3, 0.3, -4.0]
[0.14, 0.2, 0.3, 0.3, -4.0]
[0.36, 0.2, 0.3, 0.3, -3.42]
[0.55, 0.2, 0.3, 0.3, -3.42]
[0.86, 0.2, 0.3, 0.3, -3.42]
[1.0, 0.2, 0.3, 0.3, -4.35]
[1.13, 0.2, 0.3, 0.3, -4.35]
[1.3, 0.2, 0.3, 0.3, -4.35]
[1.37, 0.2, 0.3, 0.3, -5.06]
[1.42, 0.2, 0.3, 0.3, -5.06]
[1.49, 0.2, 0.3, 0.3, -5.06]
[1.49, 0.2, 0.3, 0.3, -5.73]
[1.48, 0.2, 0.3, 0.3, -5.73]
[1.46, 0.2, 0.3, 0.3, -5.73]
[1.41, 0.2, 0.3, 0.3, -6.36]
[1.36, 0.2, 0.3, 0.3, -6.36]
[1.26, 0.2, 0.3, 0.3, -6.36]
[1.19, 0.2, 0.3, 0.3, -6.85]
[1.07, 0.2, 0.3, 0.3, -6.85]
[0.99, 0.2, 0.3, 0.3, -6.85]
[0.9, 0.2, 0.3, 0.3, -7.1]
[0.76, 0.2, 0.3, 0.3, -7.1]
[0.66, 0.2, 0.3, 0.3, -7.1]
[0.55, 0.2, 0.3, 0.3, -7.32]
[0.32, 0.2, 0.3, 0.3, -7.32]
[0.15, 0.2, 0.3, 0.3, -7.32]
[-0.29, 0.2, 0.3, 0.3, -7.96]
[-2.58, 0.2, 0.3, 0.3, -7.96]
[-4.52, 0.2, 0.3, 0.3, -7.96]
[-6.6, 0.2, 0.3, 0.3, -21.5]
[-10.34, 0.2, 0.3, 0.3, -21.5]
[-12.86, 0.2, 0.3, 0.3, -21.5]
[-15.36, 0.2, 0.3, 0.3, -34.58]
[-19.38, 0.2, 0.3, 0.3, -34.58]
[-21.69, 0.2, 0.3, 0.3, -34.58]
[-25.37, 0.2, 0.3, 0.3, -38.44]
[-27.41, 0.2, 0.3, 0.3, -38.44]
[-29.32, 0.2, 0.3, 0.3, -38.44]
[-32.17, 0.2, 0.3, 0.3, -37.27]
[-33.63, 0.2, 0.3, 0.3, -37.27]
[-34.95, 0.2, 0.3, 0.3, -37.27]
[-36.85, 0.2, 0.3, 0.3, -33.43]
[-37.81, 0.2, 0.3, 0.3, -33.43]
[-38.65, 0.2, 0.3, 0.3, -33.43]
[-39.77, 0.2, 0.3, 0.3, -29.57]
[-40.23, 0.2, 0.3, 0.3, -29.57]
[-40.54, 0.2, 0.3, 0.3, -29.57]
[-40.76, 0.2, 0.3, 0.3, -25.7]
[-40.71, 0.2, 0.3, 0.3, -25.7]
[-40.56, 0.2, 0.3, 0.3, -25.7]
[-40.12, 0.2, 0.3, 0.3, -21.33]
[-39.73, 0.2, 0.3, 0.3, -21.33]
[-38.9, 0.2, 0.3, 0.3, -21.33]
[-38.26, 0.2, 0.3, 0.3, -17.1]
[-37.53, 0.2, 0.3, 0.3, -17.1]
[-36.15, 0.2, 0.3, 0.3, -17.1]
[-35.22, 0.2, 0.3, 0.3, -14.39]
[-34.25, 0.2, 0.3, 0.3, -14.39]
[-32.52, 0.2, 0.3, 0.3, -14.39]
[-31.4, 0.2, 0.3, 0.3, -11.99]
[-29.44, 0.2, 0.3, 0.3, -11.99]
[-28.18, 0.2, 0.3, 0.3, -11.99]
[-26.87, 0.2, 0.3, 0.3, -9.83]
[-24.62, 0.2, 0.3, 0.3, -9.83]
[-23.23, 0.2, 0.3, 0.3, -9.83]
[-21.82, 0.2, 0.3, 0.3, -7.72]
[-19.39, 0.2, 0.3, 0.3, -7.72]
[-17.9, 0.2, 0.3, 0.3, -7.72]
[-16.39, 0.2, 0.3, 0.3, -6.06]
[-13.78, 0.2, 0.3, 0.3, -6.06]
[-12.21, 0.2, 0.3, 0.3, -6.06]
[-10.62, 0.2, 0.3, 0.3, -4.18]
[-7.93, 0.2, 0.3, 0.3, -4.18]
[-6.32, 0.2, 0.3, 0.3, -4.18]
[-4.71, 0.2, 0.3, 0.3, -2.61]
[-1.99, 0.2, 0.3, 0.3, -2.61]
[-0.39, 0.2, 0.3, 0.3, -2.61]
[2.29, 0.2, 0.3, 0.3, -1.32]
[3.87, 0.2, 0.3, 0.3, -1.32]
[5.44, 0.2, 0.3, 0.3, -1.32]
[8.01, 0.2, 0.3, 0.3, -0.29]
[9.51, 0.2, 0.3, 0.3, -0.29]
[10.98, 0.2, 0.3, 0.3, -0.29]
[13.39, 0.2, 0.3, 0.3, 0.31]
[14.79, 0.2, 0.3, 0.3, 0.31]
[16.16, 0.2, 0.3, 0.3, 0.31]
[18.4, 0.2, 0.3, 0.3, 0.72]
[19.7, 0.2, 0.3, 0.3, 0.72]
[20.96, 0.2, 0.3, 0.3, 0.72]
[22.98, 0.2, 0.3, 0.3, 1.17]
[24.14, 0.2, 0.3, 0.3, 1.17]
[25.27, 0.2, 0.3, 0.3, 1.17]
[27.06, 0.2, 0.3, 0.3, 1.33]
[28.1, 0.2, 0.3, 0.3, 1.33]
[29.72, 0.2, 0.3, 0.3, 1.33]
[30.64, 0.2, 0.3, 0.3, 3.5]
[31.51, 0.2, 0.3, 0.3, 3.5]
[32.88, 0.2, 0.3, 0.3, 3.5]
[33.64, 0.2, 0.3, 0.3, 1.29]
[34.36, 0.2, 0.3, 0.3, 1.29]
[35.42, 0.2, 0.3, 0.3, 1.29]
[36.0, 0.2, 0.3, 0.3, 0.98]
[36.53, 0.2, 0.3, 0.3, 0.98]
[37.31, 0.2, 0.3, 0.3, 0.98]
[37.71, 0.2, 0.3, 0.3, 0.51]
[38.07, 0.2, 0.3, 0.3, 0.51]
[38.58, 0.2, 0.3, 0.3, 0.51]
[38.82, 0.2, 0.3, 0.3, 0.09]
[39.01, 0.2, 0.3, 0.3, 0.09]
[39.24, 0.2, 0.3, 0.3, 0.09]
[39.32, 0.2, 0.3, 0.3, -0.43]
[39.36, 0.2, 0.3, 0.3, -0.43]
[39.34, 0.2, 0.3, 0.3, -0.43]
[39.27, 0.2, 0.3, 0.3, -0.91]
[39.16, 0.2, 0.3, 0.3, -0.91]
[38.9, 0.2, 0.3, 0.3, -0.91]
[38.69, 0.2, 0.3, 0.3, -1.47]
[38.45, 0.2, 0.3, 0.3, -1.47]
[37.96, 0.2, 0.3, 0.3, -1.47]
[37.63, 0.2, 0.3, 0.3, -1.99]
[37.0, 0.2, 0.3, 0.3, -1.99]
[36.58, 0.2, 0.3, 0.3, -1.99]
[36.12, 0.2, 0.3, 0.3, -2.53]
[35.29, 0.2, 0.3, 0.3, -2.53]
[34.76, 0.2, 0.3, 0.3, -2.53]
[34.21, 0.2, 0.3, 0.3, -3.14]
[33.22, 0.2, 0.3, 0.3, -3.14]
[32.6, 0.2, 0.3, 0.3, -3.14]
[31.94, 0.2, 0.3, 0.3, -3.63]
[30.82, 0.2, 0.3, 0.3, -3.63]
[30.11, 0.2, 0.3, 0.3, -3.63]
[29.38, 0.2, 0.3, 0.3, -4.22]
[28.11, 0.2, 0.3, 0.3, -4.22]
[27.33, 0.2, 0.3, 0.3, -4.22]
[26.52, 0.2, 0.3, 0.3, -4.81]
[25.15, 0.2, 0.3, 0.3, -4.81]
[24.3, 0.2, 0.3, 0.3, -4.81]
[22.86, 0.2, 0.3, 0.3, -5.44]
[21.97, 0.2, 0.3, 0.3, -5.44]
[21.07, 0.2, 0.3, 0.3, -5.44]
[19.55, 0.2, 0.3, 0.3, -6.04]
[18.62, 0.2, 0.3, 0.3, -6.04]
[17.68, 0.2, 0.3, 0.3, -6.04]
[16.1, 0.2, 0.3, 0.3, -6.68]
[15.14, 0.2, 0.3, 0.3, -6.68]
[14.18, 0.2, 0.3, 0.3, -6.68]
[12.55, 0.2, 0.3, 0.3, -7.3]
[11.57, 0.2, 0.3, 0.3, -7.3]
[10.6, 0.2, 0.3, 0.3, -7.3]
[8.96, 0.2, 0.3, 0.3, -7.93]
[7.99, 0.2, 0.3, 0.3, -7.93]
[7.01, 0.2, 0.3, 0.3, -7.93]
[5.37, 0.2, 0.3, 0.3, -8.47]
[4.41, 0.2, 0.3, 0.3, -8.47]
[2.48, 0.2, 0.3, 0.3, -8.47]
[1.53, 0.2, 0.3, 0.3, -12.09]
[0.59, 0.2, 0.3, 0.3, -12.09]
[-0.93, 0.2, 0.3, 0.3, -12.09]
[-1.84, 0.2, 0.3, 0.3, -9.47]
[-2.75, 0.2, 0.3, 0.3, -9.47]
[-4.24, 0.2, 0.3, 0.3, -9.47]
[-5.15, 0.2, 0.3, 0.3, -9.95]
[-6.07, 0.2, 0.3, 0.3, -9.95]
[-7.54, 0.2, 0.3, 0.3, -9.95]
[-8.42, 0.2, 0.3, 0.3, -10.8]
[-9.28, 0.2, 0.3, 0.3, -10.8]
[-10.67, 0.2, 0.3, 0.3, -10.8]
[-11.46, 0.2, 0.3, 0.3, -11.24]
[-12.23, 0.2, 0.3, 0.3, -11.24]
[-13.45, 0.2, 0.3, 0.3, -11.24]
[-14.14, 0.2, 0.3, 0.3, -11.15]
[-15.24, 0.2, 0.3, 0.3, -11.15]
[-15.86, 0.2, 0.3, 0.3, -11.15]
[-16.44, 0.2, 0.3, 0.3, -11.01]
[-17.38, 0.2, 0.3, 0.3, -11.01]
[-17.88, 0.2, 0.3, 0.3, -11.01]
[-18.35, 0.2, 0.3, 0.3, -10.78]
[-19.1, 0.2, 0.3, 0.3, -10.78]
[-19.49, 0.2, 0.3, 0.3, -10.78]
[-19.85, 0.2, 0.3, 0.3, -10.45]
[-20.41, 0.2, 0.3, 0.3, -10.45]
[-20.7, 0.2, 0.3, 0.3, -10.45]
[-20.95, 0.2, 0.3, 0.3, -10.1]
[-21.32, 0.2, 0.3, 0.3, -10.1]
[-21.49, 0.2, 0.3, 0.3, -10.1]
[-21.64, 0.2, 0.3, 0.3, -9.65]
[-21.81, 0.2, 0.3, 0.3, -9.65]
[-21.87, 0.2, 0.3, 0.3, -9.65]
[-21.9, 0.2, 0.3, 0.3, -9.17]
[-21.89, 0.2, 0.3, 0.3, -9.17]
[-21.85, 0.2, 0.3, 0.3, -9.17]
[-21.69, 0.2, 0.3, 0.3, -8.61]
[-21.58, 0.2, 0.3, 0.3, -8.61]
[-21.43, 0.2, 0.3, 0.3, -8.61]
[-21.09, 0.2, 0.3, 0.3, -7.96]
[-20.87, 0.2, 0.3, 0.3, -7.96]
[-20.42, 0.2, 0.3, 0.3, -7.96]
[-20.13, 0.2, 0.3, 0.3, -6.61]
[-19.81, 0.2, 0.3, 0.3, -6.61]
[-19.19, 0.2, 0.3, 0.3, -6.61]
[-18.8, 0.2, 0.3, 0.3, -6.28]
[160.38, 0.2, 0.3, 0.3, -6.28]
[-17.64, 0.2, 0.3, 0.3, -6.28]
[-17.18, 0.2, 0.3, 0.3, -5.53]
[-16.7, 0.2, 0.3, 0.3, -5.53]
[-15.84, 0.2, 0.3, 0.3, -5.53]
[-15.31, 0.2, 0.3, 0.3, -4.89]
[-14.77, 0.2, 0.3, 0.3, -4.89]
[-13.82, 0.2, 0.3, 0.3, -4.89]
[-13.24, 0.2, 0.3, 0.3, -4.26]
[-12.66, 0.2, 0.3, 0.3, -4.26]
[-11.65, 0.2, 0.3, 0.3, -4.26]
[-11.05, 0.2, 0.3, 0.3, -3.72]
[-10.03, 0.2, 0.3, 0.3, -3.72]
[-9.42, 0.2, 0.3, 0.3, -3.72]
[-8.82, 0.2, 0.3, 0.3, -3.39]
[-7.78, 0.2, 0.3, 0.3, -3.39]
[-7.19, 0.2, 0.3, 0.3, -3.39]
[-6.59, 0.2, 0.3, 0.3, -3.12]
[-5.58, 0.2, 0.3, 0.3, -3.12]
[-5.0, 0.2, 0.3, 0.3, -3.12]
[-4.43, 0.2, 0.3, 0.3, -2.99]
[-3.46, 0.2, 0.3, 0.3, -2.99]
[-2.9, 0.2, 0.3, 0.3, -2.99]
[-2.36, 0.2, 0.3, 0.3, -2.91]
[-1.44, 0.2, 0.3, 0.3, -2.91]
[-0.91, 0.2, 0.3, 0.3, -2.91]
[-0.39, 0.2, 0.3, 0.3, -2.86]
[0.47, 0.2, 0.3, 0.3, -2.86]
[0.95, 0.2, 0.3, 0.3, -2.86]
[1.72, 0.2, 0.3, 0.3, -2.86]
[2.16, 0.2, 0.3, 0.3, -2.86]
[2.57, 0.2, 0.3, 0.3, -2.86]
[3.21, 0.2, 0.3, 0.3, -3.17]
[3.58, 0.2, 0.3, 0.3, -3.17]
[3.91, 0.2, 0.3, 0.3, -3.17]
[4.42, 0.2, 0.3, 0.3, -3.65]
[4.72, 0.2, 0.3, 0.3, -3.65]
[5.0, 0.2, 0.3, 0.3, -3.65]
[5.41, 0.2, 0.3, 0.3, -4.03]
[5.65, 0.2, 0.3, 0.3, -4.03]
[5.88, 0.2, 0.3, 0.3, -4.03]
[6.21, 0.2, 0.3, 0.3, -4.29]
[6.4, 0.2, 0.3, 0.3, -4.29]
[6.57, 0.2, 0.3, 0.3, -4.29]
[6.81, 0.2, 0.3, 0.3, -4.52]
[6.94, 0.2, 0.3, 0.3, -4.52]
[7.13, 0.2, 0.3, 0.3, -4.52]
[7.22, 0.2, 0.3, 0.3, -4.61]
[7.31, 0.2, 0.3, 0.3, -4.61]
[7.43, 0.2, 0.3, 0.3, -4.61]
[7.48, 0.2, 0.3, 0.3, -5.09]
[7.53, 0.2, 0.3, 0.3, -5.09]
[7.56, 0.2, 0.3, 0.3, -5.09]
[7.57, 0.2, 0.3, 0.3, -5.34]
[7.58, 0.2, 0.3, 0.3, -5.34]
[7.56, 0.2, 0.3, 0.3, -5.34]
[7.53, 0.2, 0.3, 0.3, -5.51]
[7.5, 0.2, 0.3, 0.3, -5.51]
[7.41, 0.2, 0.3, 0.3, -5.51]
[7.34, 0.2, 0.3, 0.3, -5.76]
[7.27, 0.2, 0.3, 0.3, -5.76]
[7.15, 0.2, 0.3, 0.3, -5.76]
[7.06, 0.2, 0.3, 0.3, -5.96]
[6.96, 0.2, 0.3, 0.3, -5.96]
[6.8, 0.2, 0.3, 0.3, -5.96]
[6.68, 0.2, 0.3, 0.3, -6.07]
[6.57, 0.2, 0.3, 0.3, -6.07]
[6.38, 0.2, 0.3, 0.3, -6.07]
[6.25, 0.2, 0.3, 0.3, -6.16]
[6.11, 0.2, 0.3, 0.3, -6.16]
[5.9, 0.2, 0.3, 0.3, -6.16]
[5.75, 0.2, 0.3, 0.3, -6.28]
[5.6, 0.2, 0.3, 0.3, -6.28]
[5.35, 0.2, 0.3, 0.3, -6.28]
[5.19, 0.2, 0.3, 0.3, -6.42]
[5.02, 0.2, 0.3, 0.3, -6.42]
[4.75, 0.2, 0.3, 0.3, -6.42]
[4.58, 0.2, 0.3, 0.3, -6.57]
[4.39, 0.2, 0.3, 0.3, -6.57]
[4.11, 0.2, 0.3, 0.3, -6.57]
[3.93, 0.2, 0.3, 0.3, -6.7]
[3.63, 0.2, 0.3, 0.3, -6.7]
[3.46, 0.2, 0.3, 0.3, -6.7]
[3.27, 0.2, 0.3, 0.3, -6.75]
[2.99, 0.2, 0.3, 0.3, -6.75]
[2.83, 0.2, 0.3, 0.3, -6.75]
[2.66, 0.2, 0.3, 0.3, -6.72]
[2.32, 0.2, 0.3, 0.3, -6.72]
[2.16, 0.2, 0.3, 0.3, -6.72]
[1.99, 0.2, 0.3, 0.3, -6.92]
[1.7, 0.2, 0.3, 0.3, -6.92]
[1.56, 0.2, 0.3, 0.3, -6.92]
[1.43, 0.2, 0.3, 0.3, -6.76]
[1.2, 0.2, 0.3, 0.3, -6.76]
[1.07, 0.2, 0.3, 0.3, -6.76]
[0.95, 0.2, 0.3, 0.3, -6.51]
[0.74, 0.2, 0.3, 0.3, -6.51]
[0.62, 0.2, 0.3, 0.3, -6.51]
[0.5, 0.2, 0.3, 0.3, -6.46]
[0.26, 0.2, 0.3, 0.3, -6.46]
[0.11, 0.2, 0.3, 0.3, -6.46]
[-0.07, 0.2, 0.3, 0.3, -6.77]
[-0.43, 0.2, 0.3, 0.3, -6.77]
[-0.65, 0.2, 0.3, 0.3, -6.77]
[-0.89, 0.2, 0.3, 0.3, -7.65]
[-1.36, 0.2, 0.3, 0.3, -7.65]
[-1.65, 0.2, 0.3, 0.3, -7.65]
[-2.18, 0.2, 0.3, 0.3, -8.63]
[-2.5, 0.2, 0.3, 0.3, -8.63]
[-2.81, 0.2, 0.3, 0.3, -8.63]
[-3.33, 0.2, 0.3, 0.3, -9.43]
[-3.62, 0.2, 0.3, 0.3, -9.43]
[-3.88, 0.2, 0.3, 0.3, -9.43]
[-4.29, 0.2, 0.3, 0.3, -9.49]
[-4.53, 0.2, 0.3, 0.3, -9.49]
[-4.73, 0.2, 0.3, 0.3, -9.49]
[-5.05, 0.2, 0.3, 0.3, -9.13]
[-5.23, 0.2, 0.3, 0.3, -9.13]
[-5.38, 0.2, 0.3, 0.3, -9.13]
[-5.6, 0.2, 0.3, 0.3, -8.84]
[-5.72, 0.2, 0.3, 0.3, -8.84]
[-5.81, 0.2, 0.3, 0.3, -8.84]
[-5.93, 0.2, 0.3, 0.3, -8.42]
[-5.98, 0.2, 0.3, 0.3, -8.42]
[-6.02, 0.2, 0.3, 0.3, -8.42]
[-6.05, 0.2, 0.3, 0.3, -8.02]
[-6.05, 0.2, 0.3, 0.3, -8.02]
[-6.0, 0.2, 0.3, 0.3, -8.02]
[-5.95, 0.2, 0.3, 0.3, -7.46]
[-5.91, 0.2, 0.3, 0.3, -7.46]
[-5.76, 0.2, 0.3, 0.3, -7.46]
[-5.67, 0.2, 0.3, 0.3, -6.95]
[-5.56, 0.2, 0.3, 0.3, -6.95]
[-5.32, 0.2, 0.3, 0.3, -6.95]
[-5.18, 0.2, 0.3, 0.3, -6.44]
[-5.02, 0.2, 0.3, 0.3, -6.44]
[-4.7, 0.2, 0.3, 0.3, -6.44]
[-4.51, 0.2, 0.3, 0.3, -5.89]
[-4.31, 0.2, 0.3, 0.3, -5.89]
[-3.92, 0.2, 0.3, 0.3, -5.89]
[-3.68, 0.2, 0.3, 0.3, -5.36]
[-3.25, 0.2, 0.3, 0.3, -5.36]
[-2.98, 0.2, 0.3, 0.3, -5.36]
[-2.71, 0.2, 0.3, 0.3, -4.81]
[-2.24, 0.2, 0.3, 0.3, -4.81]
[-1.96, 0.2, 0.3, 0.3, -4.81]
[-1.67, 0.2, 0.3, 0.3, -4.41]
[-1.17, 0.2, 0.3, 0.3, -4.41]
[-0.88, 0.2, 0.3, 0.3, -4.41]
[-0.58, 0.2, 0.3, 0.3, -4.05]
[-0.09, 0.2, 0.3, 0.3, -4.05]
[0.2, 0.2, 0.3, 0.3, -4.05]
[0.48, 0.2, 0.3, 0.3, -3.81]
[0.88, 0.2, 0.3, 0.3, -3.81]
[1.1, 0.2, 0.3, 0.3, -3.81]
[1.29, 0.2, 0.3, 0.3, -4.16]
[1.56, 0.2, 0.3, 0.3, -4.16]
[1.71, 0.2, 0.3, 0.3, -4.16]
[1.89, 0.2, 0.3, 0.3, -4.85]
[1.99, 0.2, 0.3, 0.3, -4.85]
[2.08, 0.2, 0.3, 0.3, -4.85]
[2.18, 0.2, 0.3, 0.3, -5.43]
[2.24, 0.2, 0.3, 0.3, -5.43]
[2.29, 0.2, 0.3, 0.3, -5.43]
[2.34, 0.2, 0.3, 0.3, -5.8]
[2.37, 0.2, 0.3, 0.3, -5.8]
[2.4, 0.2, 0.3, 0.3, -5.8]
[2.42, 0.2, 0.3, 0.3, -6.0]
[2.43, 0.2, 0.3, 0.3, -6.0]
[2.44, 0.2, 0.3, 0.3, -6.0]
[2.45, 0.2, 0.3, 0.3, -6.13]
[2.45, 0.2, 0.3, 0.3, -6.13]
[2.45, 0.2, 0.3, 0.3, -6.13]
[2.45, 0.2, 0.3, 0.3, -6.16]
[2.43, 0.2, 0.3, 0.3, -6.16]
[2.41, 0.2, 0.3, 0.3, -6.16]
[2.39, 0.2, 0.3, 0.3, -6.24]
[2.35, 0.2, 0.3, 0.3, -6.24]
[2.32, 0.2, 0.3, 0.3, -6.24]
[2.28, 0.2, 0.3, 0.3, -6.34]
[2.24, 0.2, 0.3, 0.3, -6.34]
[2.2, 0.2, 0.3, 0.3, -6.34]
[2.16, 0.2, 0.3, 0.3, -6.35]
[2.11, 0.2, 0.3, 0.3, -6.35]
[2.05, 0.2, 0.3, 0.3, -6.35]
[2.0, 0.2, 0.3, 0.3, -6.45]
[1.95, 0.2, 0.3, 0.3, -6.45]
[1.88, 0.2, 0.3, 0.3, -6.45]
[1.81, 0.2, 0.3, 0.3, -6.49]
[1.76, 0.2, 0.3, 0.3, -6.49]
[1.68, 0.2, 0.3, 0.3, -6.49]
[1.61, 0.2, 0.3, 0.3, -6.54]
[1.55, 0.2, 0.3, 0.3, -6.54]
[1.46, 0.2, 0.3, 0.3, -6.54]
[1.39, 0.2, 0.3, 0.3, -6.63]
[1.34, 0.2, 0.3, 0.3, -6.63]
[1.25, 0.2, 0.3, 0.3, -6.63]
[1.19, 0.2, 0.3, 0.3, -6.59]
[1.15, 0.2, 0.3, 0.3, -6.59]
[1.07, 0.2, 0.3, 0.3, -6.59]
[1.03, 0.2, 0.3, 0.3, -6.49]
[1.01, 0.2, 0.3, 0.3, -6.49]
[0.94, 0.2, 0.3, 0.3, -6.49]
[0.92, 0.2, 0.3, 0.3, -6.36]
[0.9, 0.2, 0.3, 0.3, -6.36]
[0.84, 0.2, 0.3, 0.3, -6.36]
[0.81, 0.2, 0.3, 0.3, -6.25]
[0.76, 0.2, 0.3, 0.3, -6.25]
[0.62, 0.2, 0.3, 0.3, -6.25]
[0.53, 0.2, 0.3, 0.3, -6.63]
[0.41, 0.2, 0.3, 0.3, -6.63]
[0.16, 0.2, 0.3, 0.3, -6.63]
[0.0, 0.2, 0.3, 0.3, -7.45]
[-0.19, 0.2, 0.3, 0.3, -7.45]
[-0.54, 0.2, 0.3, 0.3, -7.45]
[-0.77, 0.2, 0.3, 0.3, -8.32]
[-1.02, 0.2, 0.3, 0.3, -8.32]
[-1.47, 0.2, 0.3, 0.3, -8.32]
[-1.76, 0.2, 0.3, 0.3, -9.25]
[-2.25, 0.2, 0.3, 0.3, -9.25]
[-2.54, 0.2, 0.3, 0.3, -9.25]
[-2.83, 0.2, 0.3, 0.3, -9.96]
[-3.26, 0.2, 0.3, 0.3, -9.96]
[-3.5, 0.2, 0.3, 0.3, -9.96]
[-3.72, 0.2, 0.3, 0.3, -9.92]
[-4.04, 0.2, 0.3, 0.3, -9.92]
[-4.22, 0.2, 0.3, 0.3, -9.92]
[-4.39, 0.2, 0.3, 0.3, -9.5]
[-4.67, 0.2, 0.3, 0.3, -9.5]
[-4.78, 0.2, 0.3, 0.3, -9.5]
[-4.86, 0.2, 0.3, 0.3, -9.23]
[-4.97, 0.2, 0.3, 0.3, -9.23]
[-5.01, 0.2, 0.3, 0.3, -9.23]
[-5.02, 0.2, 0.3, 0.3, -8.46]
[-5.02, 0.2, 0.3, 0.3, -8.46]
[-4.99, 0.2, 0.3, 0.3, -8.46]
[-4.91, 0.2, 0.3, 0.3, -7.87]
[-4.85, 0.2, 0.3, 0.3, -7.87]
[-4.76, 0.2, 0.3, 0.3, -7.87]
[-4.58, 0.2, 0.3, 0.3, -7.31]
[-4.46, 0.2, 0.3, 0.3, -7.31]
[-4.31, 0.2, 0.3, 0.3, -7.31]
[-4.04, 0.2, 0.3, 0.3, -6.68]
[-3.85, 0.2, 0.3, 0.3, -6.68]
[-3.65, 0.2, 0.3, 0.3, -6.68]
[-3.29, 0.2, 0.3, 0.3, -6.05]
[-3.06, 0.2, 0.3, 0.3, -6.05]
[-2.81, 0.2, 0.3, 0.3, -6.05]
[-2.38, 0.2, 0.3, 0.3, -5.42]
[-2.1, 0.2, 0.3, 0.3, -5.42]
[-1.81, 0.2, 0.3, 0.3, -5.42]
[-1.34, 0.2, 0.3, 0.3, -4.79]
[-1.05, 0.2, 0.3, 0.3, -4.79]
[-0.55, 0.2, 0.3, 0.3, -4.79]
[-0.25, 0.2, 0.3, 0.3, -3.78]
[0.05, 0.2, 0.3, 0.3, -3.78]
[0.54, 0.2, 0.3, 0.3, -3.78]
[0.81, 0.2, 0.3, 0.3, -4.05]
[1.06, 0.2, 0.3, 0.3, -4.05]
[1.15, 0.2, 0.3, 0.3, -4.05]
[0.21, 0.2, 0.3, 0.3, -5.34]
[-1.54, 0.2, 0.3, 0.3, -5.34]
[-5.51, 0.2, 0.3, 0.3, -5.34]
[-8.15, 0.2, 0.3, 0.3, -28.63]
[-11.07, 0.2, 0.3, 0.3, -28.63]
[-16.73, 0.2, 0.3, 0.3, -28.63]
[-20.26, 0.2, 0.3, 0.3, -45.1]
[-23.68, 0.2, 0.3, 0.3, -45.1]
[-29.15, 0.2, 0.3, 0.3, -45.1]
[-32.26, 0.2, 0.3, 0.3, -52.0]
[-37.07, 0.2, 0.3, 0.3, -52.0]
[-39.7, 0.2, 0.3, 0.3, -52.0]
[-42.12, 0.2, 0.3, 0.3, -49.73]
[-45.66, 0.2, 0.3, 0.3, -49.73]
[-47.48, 0.2, 0.3, 0.3, -49.73]
[-49.08, 0.2, 0.3, 0.3, -44.38]
[-51.31, 0.2, 0.3, 0.3, -44.38]
[-52.43, 0.2, 0.3, 0.3, -44.38]
[-53.88, 0.2, 0.3, 0.3, -38.47]
[-54.51, 0.2, 0.3, 0.3, -38.47]
[-54.95, 0.2, 0.3, 0.3, -38.47]
[-55.25, 0.2, 0.3, 0.3, -33.32]
[-55.2, 0.2, 0.3, 0.3, -33.32]
[-55.0, 0.2, 0.3, 0.3, -33.32]
[-54.39, 0.2, 0.3, 0.3, -27.59]
[-53.86, 0.2, 0.3, 0.3, -27.59]
[-53.2, 0.2, 0.3, 0.3, -27.59]
[-51.86, 0.2, 0.3, 0.3, -23.27]
[-50.87, 0.2, 0.3, 0.3, -23.27]
[-49.78, 0.2, 0.3, 0.3, -23.27]
[-47.74, 0.2, 0.3, 0.3, -19.2]
[-46.39, 0.2, 0.3, 0.3, -19.2]
[-44.97, 0.2, 0.3, 0.3, -19.2]
[-42.45, 0.2, 0.3, 0.3, -15.43]
[-40.83, 0.2, 0.3, 0.3, -15.43]
[-37.99, 0.2, 0.3, 0.3, -15.43]
[-36.18, 0.2, 0.3, 0.3, -8.69]
[-34.31, 0.2, 0.3, 0.3, -8.69]
[-31.11, 0.2, 0.3, 0.3, -8.69]
[-29.14, 0.2, 0.3, 0.3, -8.52]
[-27.14, 0.2, 0.3, 0.3, -8.52]
[-23.77, 0.2, 0.3, 0.3, -8.52]
[-21.71, 0.2, 0.3, 0.3, -6.37]
[-18.23, 0.2, 0.3, 0.3, -6.37]
[-16.11, 0.2, 0.3, 0.3, -6.37]
[-13.98, 0.2, 0.3, 0.3, -4.39]
[-10.44, 0.2, 0.3, 0.3, -4.39]
[-8.29, 0.2, 0.3, 0.3, -4.39]
[-6.14, 0.2, 0.3, 0.3, -2.57]
[-2.58, 0.2, 0.3, 0.3, -2.57]
[-0.45, 0.2, 0.3, 0.3, -2.57]
[1.67, 0.2, 0.3, 0.3, -0.98]
[5.15, 0.2, 0.3, 0.3, -0.98]
[7.22, 0.2, 0.3, 0.3, -0.98]
[9.25, 0.2, 0.3, 0.3, 0.3]
[12.59, 0.2, 0.3, 0.3, 0.3]
[14.55, 0.2, 0.3, 0.3, 0.3]
[16.47, 0.2, 0.3, 0.3, 1.14]
[19.63, 0.2, 0.3, 0.3, 1.14]
[21.47, 0.2, 0.3, 0.3, 1.14]
[23.28, 0.2, 0.3, 0.3, 1.98]
[26.19, 0.2, 0.3, 0.3, 1.98]
[27.87, 0.2, 0.3, 0.3, 1.98]
[29.5, 0.2, 0.3, 0.3, 2.49]
[32.13, 0.2, 0.3, 0.3, 2.49]
[33.64, 0.2, 0.3, 0.3, 2.49]
[35.11, 0.2, 0.3, 0.3, 2.8]
[37.44, 0.2, 0.3, 0.3, 2.8]
[38.77, 0.2, 0.3, 0.3, 2.8]
[40.88, 0.2, 0.3, 0.3, 3.05]
[42.07, 0.2, 0.3, 0.3, 3.05]
[43.22, 0.2, 0.3, 0.3, 3.05]
[45.02, 0.2, 0.3, 0.3, 3.18]
[46.03, 0.2, 0.3, 0.3, 3.18]
[46.99, 0.2, 0.3, 0.3, 3.18]
[48.48, 0.2, 0.3, 0.3, 3.33]
[49.32, 0.2, 0.3, 0.3, 3.33]
[50.1, 0.2, 0.3, 0.3, 3.33]
[51.29, 0.2, 0.3, 0.3, 3.46]
[51.95, 0.2, 0.3, 0.3, 3.46]
[52.55, 0.2, 0.3, 0.3, 3.46]
[53.46, 0.2, 0.3, 0.3, 3.58]
[53.95, 0.2, 0.3, 0.3, 3.58]
[54.38, 0.2, 0.3, 0.3, 3.58]
[55.0, 0.2, 0.3, 0.3, 3.68]
[55.32, 0.2, 0.3, 0.3, 3.68]
[55.58, 0.2, 0.3, 0.3, 3.68]
[55.92, 0.2, 0.3, 0.3, 3.72]
[56.07, 0.2, 0.3, 0.3, 3.72]
[56.17, 0.2, 0.3, 0.3, 3.72]
[56.24, 0.2, 0.3, 0.3, 3.68]
[56.22, 0.2, 0.3, 0.3, 3.68]
[56.16, 0.2, 0.3, 0.3, 3.68]
[55.96, 0.2, 0.3, 0.3, 3.57]
[55.77, 0.2, 0.3, 0.3, 3.57]
[55.39, 0.2, 0.3, 0.3, 3.57]
[55.09, 0.2, 0.3, 0.3, 2.77]
[54.75, 0.2, 0.3, 0.3, 2.77]
[54.1, 0.2, 0.3, 0.3, 2.77]
[53.66, 0.2, 0.3, 0.3, 2.62]
[53.16, 0.2, 0.3, 0.3, 2.62]
[52.26, 0.2, 0.3, 0.3, 2.62]
[51.66, 0.2, 0.3, 0.3, 2.13]
[51.02, 0.2, 0.3, 0.3, 2.13]
[49.63, 0.2, 0.3, 0.3, 2.13]
[48.88, 0.2, 0.3, 0.3, 0.75]
[48.09, 0.2, 0.3, 0.3, 0.75]
[46.68, 0.2, 0.3, 0.3, 0.75]
[45.79, 0.2, 0.3, 0.3, 0.59]
[44.86, 0.2, 0.3, 0.3, 0.59]
[43.24, 0.2, 0.3, 0.3, 0.59]
[42.22, 0.2, 0.3, 0.3, -0.28]
[41.16, 0.2, 0.3, 0.3, -0.28]
[39.34, 0.2, 0.3, 0.3, -0.28]
[38.2, 0.2, 0.3, 0.3, -1.23]
[37.04, 0.2, 0.3, 0.3, -1.23]
[35.03, 0.2, 0.3, 0.3, -1.23]
[33.78, 0.2, 0.3, 0.3, -2.31]
[32.52, 0.2, 0.3, 0.3, -2.31]
[30.35, 0.2, 0.3, 0.3, -2.31]
[29.01, 0.2, 0.3, 0.3, -3.42]
[26.71, 0.2, 0.3, 0.3, -3.42]
[25.31, 0.2, 0.3, 0.3, -3.42]
[23.89, 0.2, 0.3, 0.3, -4.75]
[21.46, 0.2, 0.3, 0.3, -4.75]
[19.99, 0.2, 0.3, 0.3, -4.75]
[18.5, 0.2, 0.3, 0.3, -6.05]
[15.97, 0.2, 0.3, 0.3, -6.05]
[14.45, 0.2, 0.3, 0.3, -6.05]
[12.92, 0.2, 0.3, 0.3, -7.39]
[10.34, 0.2, 0.3, 0.3, -7.39]
[8.79, 0.2, 0.3, 0.3, -7.39]
[7.25, 0.2, 0.3, 0.3, -8.64]
[4.67, 0.2, 0.3, 0.3, -8.64]
[3.12, 0.2, 0.3, 0.3, -8.64]
[1.58, 0.2, 0.3, 0.3, -9.68]
[-0.95, 0.2, 0.3, 0.3, -9.68]
[-2.46, 0.2, 0.3, 0.3, -9.68]
[-4.9, 0.2, 0.3, 0.3, -10.62]
[-6.36, 0.2, 0.3, 0.3, -10.62]
[-7.8, 0.2, 0.3, 0.3, -10.62]
[-10.14, 0.2, 0.3, 0.3, -11.2]
[-11.53, 0.2, 0.3, 0.3, -11.2]
[-12.9, 0.2, 0.3, 0.3, -11.2]
[-15.1, 0.2, 0.3, 0.3, -11.88]
[-16.39, 0.2, 0.3, 0.3, -11.88]
[-17.65, 0.2, 0.3, 0.3, -11.88]
[-19.66, 0.2, 0.3, 0.3, -12.31]
[-20.83, 0.2, 0.3, 0.3, -12.31]
[-21.96, 0.2, 0.3, 0.3, -12.31]
[-23.77, 0.2, 0.3, 0.3, -12.49]
[-24.81, 0.2, 0.3, 0.3, -12.49]
[-25.8, 0.2, 0.3, 0.3, -12.49]
[-27.39, 0.2, 0.3, 0.3, -12.67]
[-28.29, 0.2, 0.3, 0.3, -12.67]
[-29.71, 0.2, 0.3, 0.3, -12.67]
[-30.49, 0.2, 0.3, 0.3, -14.51]
[-31.24, 0.2, 0.3, 0.3, -14.51]
[-32.4, 0.2, 0.3, 0.3, -14.51]
[-33.02, 0.2, 0.3, 0.3, -12.39]
[-33.58, 0.2, 0.3, 0.3, -12.39]
[-34.43, 0.2, 0.3, 0.3, -12.39]
[-34.86, 0.2, 0.3, 0.3, -11.83]
[-35.47, 0.2, 0.3, 0.3, -11.83]
[-35.75, 0.2, 0.3, 0.3, -11.83]
[-35.98, 0.2, 0.3, 0.3, -11.05]
[-36.27, 0.2, 0.3, 0.3, -11.05]
[-36.35, 0.2, 0.3, 0.3, -11.05]
[-36.39, 0.2, 0.3, 0.3, -10.08]
[-36.36, 0.2, 0.3, 0.3, -10.08]
[-36.28, 0.2, 0.3, 0.3, -10.08]
[-36.06, 0.2, 0.3, 0.3, -9.15]
[-35.88, 0.2, 0.3, 0.3, -9.15]
[-35.66, 0.2, 0.3, 0.3, -9.15]
[-35.23, 0.2, 0.3, 0.3, -8.46]
[-34.92, 0.2, 0.3, 0.3, -8.46]
[-34.57, 0.2, 0.3, 0.3, -8.46]
[-33.94, 0.2, 0.3, 0.3, -7.87]
[-33.5, 0.2, 0.3, 0.3, -7.87]
[-33.03, 0.2, 0.3, 0.3, -7.87]
[-32.21, 0.2, 0.3, 0.3, -7.19]
[-31.65, 0.2, 0.3, 0.3, -7.19]
[-31.07, 0.2, 0.3, 0.3, -7.19]
[-30.06, 0.2, 0.3, 0.3, -6.48]
[-29.41, 0.2, 0.3, 0.3, -6.48]
[-28.73, 0.2, 0.3, 0.3, -6.48]
[-27.57, 0.2, 0.3, 0.3, -5.74]
[-26.83, 0.2, 0.3, 0.3, -5.74]
[-25.57, 0.2, 0.3, 0.3, -5.74]
[-24.78, 0.2, 0.3, 0.3, -3.39]
[-23.97, 0.2, 0.3, 0.3, -3.39]
[-22.61, 0.2, 0.3, 0.3, -3.39]
[-21.78, 0.2, 0.3, 0.3, -4.09]
[-20.95, 0.2, 0.3, 0.3, -4.09]
[-19.55, 0.2, 0.3, 0.3, -4.09]
[-18.72, 0.2, 0.3, 0.3, -3.79]
[-17.89, 0.2, 0.3, 0.3, -3.79]
[-16.48, 0.2, 0.3, 0.3, -3.79]
[-15.65, 0.2, 0.3, 0.3, -3.6]
[-14.8, 0.2, 0.3, 0.3, -3.6]
[-13.4, 0.2, 0.3, 0.3, -3.6]
[-12.57, 0.2, 0.3, 0.3, -3.36]
[-11.73, 0.2, 0.3, 0.3, -3.36]
[-10.34, 0.2, 0.3, 0.3, -3.36]
[-9.52, 0.2, 0.3, 0.3, -3.13]
[-8.15, 0.2, 0.3, 0.3, -3.13]
[-7.34, 0.2, 0.3, 0.3, -3.13]
[-6.54, 0.2, 0.3, 0.3, -2.94]
[-5.2, 0.2, 0.3, 0.3, -2.94]
[-4.41, 0.2, 0.3, 0.3, -2.94]
[-3.64, 0.2, 0.3, 0.3, -2.69]
[-2.36, 0.2, 0.3, 0.3, -2.69]
[-1.61, 0.2, 0.3, 0.3, -2.69]
[-0.36, 0.2, 0.3, 0.3, -2.55]
[0.35, 0.2, 0.3, 0.3, -2.55]
[1.06, 0.2, 0.3, 0.3, -2.55]
[2.22, 0.2, 0.3, 0.3, -2.4]
[2.88, 0.2, 0.3, 0.3, -2.4]
[3.52, 0.2, 0.3, 0.3, -2.4]
[4.55, 0.2, 0.3, 0.3, -2.41]
[5.13, 0.2, 0.3, 0.3, -2.41]
[5.69, 0.2, 0.3, 0.3, -2.41]
[6.58, 0.2, 0.3, 0.3, -2.69]
[7.08, 0.2, 0.3, 0.3, -2.69]
[7.58, 0.2, 0.3, 0.3, -2.69]
[8.33, 0.2, 0.3, 0.3, -2.94]
[8.75, 0.2, 0.3, 0.3, -2.94]
[9.17, 0.2, 0.3, 0.3, -2.94]
[9.81, 0.2, 0.3, 0.3, -3.2]
[10.17, 0.2, 0.3, 0.3, -3.2]
[10.52, 0.2, 0.3, 0.3, -3.2]
[11.04, 0.2, 0.3, 0.3, -3.37]
[11.34, 0.2, 0.3, 0.3, -3.37]
[11.62, 0.2, 0.3, 0.3, -3.37]
[12.02, 0.2, 0.3, 0.3, -3.56]
[12.25, 0.2, 0.3, 0.3, -3.56]
[12.45, 0.2, 0.3, 0.3, -3.56]
[12.74, 0.2, 0.3, 0.3, -3.81]
[12.9, 0.2, 0.3, 0.3, -3.81]
[13.11, 0.2, 0.3, 0.3, -3.81]
[13.22, 0.2, 0.3, 0.3, -3.79]
[13.32, 0.2, 0.3, 0.3, -3.79]
[13.43, 0.2, 0.3, 0.3, -3.79]
[13.48, 0.2, 0.3, 0.3, -4.36]
[13.51, 0.2, 0.3, 0.3, -4.36]
[13.52, 0.2, 0.3, 0.3, -4.36]
[13.51, 0.2, 0.3, 0.3, -4.61]
[13.48, 0.2, 0.3, 0.3, -4.61]
[13.39, 0.2, 0.3, 0.3, -4.61]
[13.34, 0.2, 0.3, 0.3, -4.89]
[13.26, 0.2, 0.3, 0.3, -4.89]
[13.09, 0.2, 0.3, 0.3, -4.89]
[12.98, 0.2, 0.3, 0.3, -5.09]
[12.86, 0.2, 0.3, 0.3, -5.09]
[12.62, 0.2, 0.3, 0.3, -5.09]
[12.48, 0.2, 0.3, 0.3, -5.31]
[12.18, 0.2, 0.3, 0.3, -5.31]
[12.01, 0.2, 0.3, 0.3, -5.31]
[11.82, 0.2, 0.3, 0.3, -5.49]
[11.46, 0.2, 0.3, 0.3, -5.49]
[11.25, 0.2, 0.3, 0.3, -5.49]
[11.04, 0.2, 0.3, 0.3, -5.73]
[10.62, 0.2, 0.3, 0.3, -5.73]
[10.37, 0.2, 0.3, 0.3, -5.73]
[10.12, 0.2, 0.3, 0.3, -5.97]
[9.67, 0.2, 0.3, 0.3, -5.97]
[9.4, 0.2, 0.3, 0.3, -5.97]
[9.13, 0.2, 0.3, 0.3, -6.18]
[8.63, 0.2, 0.3, 0.3, -6.18]
[8.35, 0.2, 0.3, 0.3, -6.18]
[8.04, 0.2, 0.3, 0.3, -6.37]
[7.53, 0.2, 0.3, 0.3, -6.37]
[7.21, 0.2, 0.3, 0.3, -6.37]
[6.89, 0.2, 0.3, 0.3, -6.63]
[6.33, 0.2, 0.3, 0.3, -6.63]
[6.0, 0.2, 0.3, 0.3, -6.63]
[5.66, 0.2, 0.3, 0.3, -6.92]
[5.08, 0.2, 0.3, 0.3, -6.92]
[4.74, 0.2, 0.3, 0.3, -6.92]
[4.39, 0.2, 0.3, 0.3, -7.17]
[3.82, 0.2, 0.3, 0.3, -7.17]
[3.48, 0.2, 0.3, 0.3, -7.17]
[2.9, 0.2, 0.3, 0.3, -7.32]
[2.57, 0.2, 0.3, 0.3, -7.32]
[2.23, 0.2, 0.3, 0.3, -7.32]
[1.67, 0.2, 0.3, 0.3, -7.46]
[1.34, 0.2, 0.3, 0.3, -7.46]
[1.02, 0.2, 0.3, 0.3, -7.46]
[0.48, 0.2, 0.3, 0.3, -7.56]
[0.17, 0.2, 0.3, 0.3, -7.56]
[-0.15, 0.2, 0.3, 0.3, -7.56]
[-0.68, 0.2, 0.3, 0.3, -7.7]
[-1.02, 0.2, 0.3, 0.3, -7.7]
[-1.37, 0.2, 0.3, 0.3, -7.7]
[-1.99, 0.2, 0.3, 0.3, -8.11]
[-2.38, 0.2, 0.3, 0.3, -8.11]
[-2.77, 0.2, 0.3, 0.3, -8.11]
[-3.41, 0.2, 0.3, 0.3, -9.02]
[-3.78, 0.2, 0.3, 0.3, -9.02]
[-4.39, 0.2, 0.3, 0.3, -9.02]
[-4.72, 0.2, 0.3, 0.3, -10.13]
[-5.04, 0.2, 0.3, 0.3, -10.13]
[-5.55, 0.2, 0.3, 0.3, -10.13]
[-5.83, 0.2, 0.3, 0.3, -9.16]
[-6.09, 0.2, 0.3, 0.3, -9.16]
[-6.5, 0.2, 0.3, 0.3, -9.16]
[-6.71, 0.2, 0.3, 0.3, -8.92]
[-6.91, 0.2, 0.3, 0.3, -8.92]
[-7.2, 0.2, 0.3, 0.3, -8.92]
[-7.34, 0.2, 0.3, 0.3, -8.52]
[-7.47, 0.2, 0.3, 0.3, -8.52]
[-7.65, 0.2, 0.3, 0.3, -8.52]
[-7.72, 0.2, 0.3, 0.3, -8.08]
[-7.78, 0.2, 0.3, 0.3, -8.08]
[-7.85, 0.2, 0.3, 0.3, -8.08]
[-7.85, 0.2, 0.3, 0.3, -7.6]
[-7.85, 0.2, 0.3, 0.3, -7.6]
[-7.8, 0.2, 0.3, 0.3, -7.6]
[-7.74, 0.2, 0.3, 0.3, -7.09]
[-7.62, 0.2, 0.3, 0.3, -7.09]
[-7.51, 0.2, 0.3, 0.3, -7.09]
[-7.39, 0.2, 0.3, 0.3, -6.54]
[-7.17, 0.2, 0.3, 0.3, -6.54]
[-7.0, 0.2, 0.3, 0.3, -6.54]
[-6.82, 0.2, 0.3, 0.3, -5.97]
[-6.51, 0.2, 0.3, 0.3, -5.97]
[-6.3, 0.2, 0.3, 0.3, -5.97]
[-6.08, 0.2, 0.3, 0.3, -5.46]
[-5.7, 0.2, 0.3, 0.3, -5.46]
[-5.46, 0.2, 0.3, 0.3, -5.46]
[-5.21, 0.2, 0.3, 0.3, -5.03]
[-4.79, 0.2, 0.3, 0.3, -5.03]
[-4.53, 0.2, 0.3, 0.3, -5.03]
[-4.28, 0.2, 0.3, 0.3, -4.73]
[-3.84, 0.2, 0.3, 0.3, -4.73]
[-3.57, 0.2, 0.3, 0.3, -4.73]
[-3.31, 0.2, 0.3, 0.3, -4.54]
[-2.84, 0.2, 0.3, 0.3, -4.54]
[-2.57, 0.2, 0.3, 0.3, -4.54]
[-2.29, 0.2, 0.3, 0.3, -4.27]
[-1.82, 0.2, 0.3, 0.3, -4.27]
[-1.54, 0.2, 0.3, 0.3, -4.27]
[-1.06, 0.2, 0.3, 0.3, -4.05]
[-0.79, 0.2, 0.3, 0.3, -4.05]
[-0.52, 0.2, 0.3, 0.3, -4.05]
[-0.07, 0.2, 0.3, 0.3, -3.91]
[0.18, 0.2, 0.3, 0.3, -3.91]
[0.41, 0.2, 0.3, 0.3, -3.91]
[0.75, 0.2, 0.3, 0.3, -3.96]
[0.93, 0.2, 0.3, 0.3, -3.96]
[1.09, 0.2, 0.3, 0.3, -3.96]
[1.3, 0.2, 0.3, 0.3, -4.55]
[1.4, 0.2, 0.3, 0.3, -4.55]
[1.49, 0.2, 0.3, 0.3, -4.55]
[1.59, 0.2, 0.3, 0.3, -5.24]
[1.65, 0.2, 0.3, 0.3, -5.24]
[1.69, 0.2, 0.3, 0.3, -5.24]
[1.74, 0.2, 0.3, 0.3, -5.76]
[1.76, 0.2, 0.3, 0.3, -5.76]
[1.77, 0.2, 0.3, 0.3, -5.76]
[1.78, 0.2, 0.3, 0.3, -6.07]
[1.79, 0.2, 0.3, 0.3, -6.07]
[1.76, 0.2, 0.3, 0.3, -6.07]
[1.75, 0.2, 0.3, 0.3, -6.27]
[1.74, 0.2, 0.3, 0.3, -6.27]
[1.68, 0.2, 0.3, 0.3, -6.27]
[1.65, 0.2, 0.3, 0.3, -6.46]
[1.62, 0.2, 0.3, 0.3, -6.46]
[1.53, 0.2, 0.3, 0.3, -6.46]
[1.5, 0.2, 0.3, 0.3, -6.64]
[1.46, 0.2, 0.3, 0.3, -6.64]
[1.35, 0.2, 0.3, 0.3, -6.64]
[1.3, 0.2, 0.3, 0.3, -6.74]
[1.25, 0.2, 0.3, 0.3, -6.74]
[1.14, 0.2, 0.3, 0.3, -6.74]
[1.09, 0.2, 0.3, 0.3, -6.83]
[1.04, 0.2, 0.3, 0.3, -6.83]
[0.94, 0.2, 0.3, 0.3, -6.83]
[0.88, 0.2, 0.3, 0.3, -6.82]
[0.83, 0.2, 0.3, 0.3, -6.82]
[0.74, 0.2, 0.3, 0.3, -6.82]
[0.67, 0.2, 0.3, 0.3, -6.82]
[0.57, 0.2, 0.3, 0.3, -6.82]
[0.38, 0.2, 0.3, 0.3, -6.82]
[0.24, 0.2, 0.3, 0.3, -7.38]
[-0.05, 0.2, 0.3, 0.3, -7.38]
[-0.24, 0.2, 0.3, 0.3, -7.38]
[-0.47, 0.2, 0.3, 0.3, -8.29]
[-0.87, 0.2, 0.3, 0.3, -8.29]
[-1.14, 0.2, 0.3, 0.3, -8.29]
[-1.42, 0.2, 0.3, 0.3, -9.32]
[-1.92, 0.2, 0.3, 0.3, -9.32]
[-2.25, 0.2, 0.3, 0.3, -9.32]
[-2.57, 0.2, 0.3, 0.3, -10.26]
[-3.09, 0.2, 0.3, 0.3, -10.26]
[-3.38, 0.2, 0.3, 0.3, -10.26]
[-3.66, 0.2, 0.3, 0.3, -10.65]
[-4.07, 0.2, 0.3, 0.3, -10.65]
[-4.29, 0.2, 0.3, 0.3, -10.65]
[-4.49, 0.2, 0.3, 0.3, -10.29]
[-4.77, 0.2, 0.3, 0.3, -10.29]
[-4.92, 0.2, 0.3, 0.3, -10.29]
[-5.1, 0.2, 0.3, 0.3, -9.7]
[-5.18, 0.2, 0.3, 0.3, -9.7]
[-5.24, 0.2, 0.3, 0.3, -9.7]
[-5.27, 0.2, 0.3, 0.3, -9.02]
[-5.27, 0.2, 0.3, 0.3, -9.02]
[-5.25, 0.2, 0.3, 0.3, -9.02]
[-5.15, 0.2, 0.3, 0.3, -8.26]
[-5.06, 0.2, 0.3, 0.3, -8.26]
[-4.96, 0.2, 0.3, 0.3, -8.26]
[-4.73, 0.2, 0.3, 0.3, -7.42]
[-4.57, 0.2, 0.3, 0.3, -7.42]
[-4.41, 0.2, 0.3, 0.3, -7.42]
[-4.08, 0.2, 0.3, 0.3, -6.67]
[-3.87, 0.2, 0.3, 0.3, -6.67]
[-3.65, 0.2, 0.3, 0.3, -6.67]
[-3.24, 0.2, 0.3, 0.3, -6.02]
[-2.99, 0.2, 0.3, 0.3, -6.02]
[-2.55, 0.2, 0.3, 0.3, -6.02]
[-2.27, 0.2, 0.3, 0.3, -4.85]
[-1.99, 0.2, 0.3, 0.3, -4.85]
[-1.5, 0.2, 0.3, 0.3, -4.85]
[-1.9, 0.2, 0.3, 0.3, -4.83]
[-3.71, 0.2, 0.3, 0.3, -4.83]
[-8.88, 0.2, 0.3, 0.3, -4.83]
[-12.45, 0.2, 0.3, 0.3, -31.85]
[-15.92, 0.2, 0.3, 0.3, -31.85]
[-21.39, 0.2, 0.3, 0.3, -31.85]
[-24.48, 0.2, 0.3, 0.3, -50.39]
[-27.43, 0.2, 0.3, 0.3, -50.39]
[-32.25, 0.2, 0.3, 0.3, -50.39]
[-35.08, 0.2, 0.3, 0.3, -48.6]
[-37.75, 0.2, 0.3, 0.3, -48.6]
[-41.65, 0.2, 0.3, 0.3, -48.6]
[-43.73, 0.2, 0.3, 0.3, -47.34]
[-46.57, 0.2, 0.3, 0.3, -47.34]
[-47.91, 0.2, 0.3, 0.3, -47.34]
[-49.03, 0.2, 0.3, 0.3, -40.59]
[-50.63, 0.2, 0.3, 0.3, -40.59]
[-51.43, 0.2, 0.3, 0.3, -40.59]
[-52.09, 0.2, 0.3, 0.3, -34.63]
[-52.76, 0.2, 0.3, 0.3, -34.63]
[-52.93, 0.2, 0.3, 0.3, -34.63]
[-52.87, 0.2, 0.3, 0.3, -30.45]
[-52.54, 0.2, 0.3, 0.3, -30.45]
[-52.06, 0.2, 0.3, 0.3, -30.45]
[-51.03, 0.2, 0.3, 0.3, -24.75]
[-50.31, 0.2, 0.3, 0.3, -24.75]
[-49.51, 0.2, 0.3, 0.3, -24.75]
[-48.0, 0.2, 0.3, 0.3, -20.67]
[-46.93, 0.2, 0.3, 0.3, -20.67]
[-45.78, 0.2, 0.3, 0.3, -20.67]
[-43.6, 0.2, 0.3, 0.3, -17.75]
[-42.13, 0.2, 0.3, 0.3, -17.75]
[-40.59, 0.2, 0.3, 0.3, -17.75]
[-37.92, 0.2, 0.3, 0.3, -13.57]
[-36.27, 0.2, 0.3, 0.3, -13.57]
[-34.59, 0.2, 0.3, 0.3, -13.57]
[-31.62, 0.2, 0.3, 0.3, -10.94]
[-29.78, 0.2, 0.3, 0.3, -10.94]
[-26.53, 0.2, 0.3, 0.3, -10.94]
[-24.51, 0.2, 0.3, 0.3, -3.99]
[-22.47, 0.2, 0.3, 0.3, -3.99]
[-19.05, 0.2, 0.3, 0.3, -3.99]
[-17.03, 0.2, 0.3, 0.3, -4.78]
[-15.01, 0.2, 0.3, 0.3, -4.78]
[-11.63, 0.2, 0.3, 0.3, -4.78]
[-9.59, 0.2, 0.3, 0.3, -3.83]
[-6.13, 0.2, 0.3, 0.3, -3.83]
[-4.06, 0.2, 0.3, 0.3, -3.83]
[-2.01, 0.2, 0.3, 0.3, -2.0]
[1.37, 0.2, 0.3, 0.3, -2.0]
[3.36, 0.2, 0.3, 0.3, -2.0]
[5.33, 0.2, 0.3, 0.3, -0.84]
[8.57, 0.2, 0.3, 0.3, -0.84]
[10.5, 0.2, 0.3, 0.3, -0.84]
[12.42, 0.2, 0.3, 0.3, 0.06]
[15.57, 0.2, 0.3, 0.3, 0.06]
[17.42, 0.2, 0.3, 0.3, 0.06]
[19.22, 0.2, 0.3, 0.3, 1.28]
[22.13, 0.2, 0.3, 0.3, 1.28]
[23.83, 0.2, 0.3, 0.3, 1.28]
[25.5, 0.2, 0.3, 0.3, 1.78]
[28.21, 0.2, 0.3, 0.3, 1.78]
[29.78, 0.2, 0.3, 0.3, 1.78]
[31.3, 0.2, 0.3, 0.3, 2.46]
[33.71, 0.2, 0.3, 0.3, 2.46]
[35.11, 0.2, 0.3, 0.3, 2.46]
[37.33, 0.2, 0.3, 0.3, 2.73]
[38.59, 0.2, 0.3, 0.3, 2.73]
[39.82, 0.2, 0.3, 0.3, 2.73]
[41.76, 0.2, 0.3, 0.3, 2.99]
[42.85, 0.2, 0.3, 0.3, 2.99]
[43.89, 0.2, 0.3, 0.3, 2.99]
[45.52, 0.2, 0.3, 0.3, 3.22]
[46.42, 0.2, 0.3, 0.3, 3.22]
[47.29, 0.2, 0.3, 0.3, 3.22]
[48.62, 0.2, 0.3, 0.3, 3.3]
[49.36, 0.2, 0.3, 0.3, 3.3]
[50.05, 0.2, 0.3, 0.3, 3.3]
[51.1, 0.2, 0.3, 0.3, 3.45]
[51.66, 0.2, 0.3, 0.3, 3.45]
[52.19, 0.2, 0.3, 0.3, 3.45]
[52.96, 0.2, 0.3, 0.3, 3.55]
[53.36, 0.2, 0.3, 0.3, 3.55]
[53.72, 0.2, 0.3, 0.3, 3.55]
[54.21, 0.2, 0.3, 0.3, 3.66]
[54.46, 0.2, 0.3, 0.3, 3.66]
[54.65, 0.2, 0.3, 0.3, 3.66]
[54.87, 0.2, 0.3, 0.3, 3.7]
[54.94, 0.2, 0.3, 0.3, 3.7]
[54.97, 0.2, 0.3, 0.3, 3.7]
[54.89, 0.2, 0.3, 0.3, 3.55]
[54.79, 0.2, 0.3, 0.3, 3.55]
[54.64, 0.2, 0.3, 0.3, 3.55]
[54.3, 0.2, 0.3, 0.3, 3.18]
[54.03, 0.2, 0.3, 0.3, 3.18]
[53.73, 0.2, 0.3, 0.3, 3.18]
[53.12, 0.2, 0.3, 0.3, 2.88]
[52.7, 0.2, 0.3, 0.3, 2.88]
[51.91, 0.2, 0.3, 0.3, 2.88]
[51.38, 0.2, 0.3, 0.3, 1.34]
[50.81, 0.2, 0.3, 0.3, 1.34]
[49.76, 0.2, 0.3, 0.3, 1.34]
[49.09, 0.2, 0.3, 0.3, 1.43]
[48.38, 0.2, 0.3, 0.3, 1.43]
[47.12, 0.2, 0.3, 0.3, 1.43]
[46.31, 0.2, 0.3, 0.3, 0.81]
[45.46, 0.2, 0.3, 0.3, 0.81]
[43.97, 0.2, 0.3, 0.3, 0.81]
[43.04, 0.2, 0.3, 0.3, 0.02]
[42.07, 0.2, 0.3, 0.3, 0.02]
[40.38, 0.2, 0.3, 0.3, 0.02]
[39.32, 0.2, 0.3, 0.3, -0.84]
[38.23, 0.2, 0.3, 0.3, -0.84]
[36.35, 0.2, 0.3, 0.3, -0.84]
[35.17, 0.2, 0.3, 0.3, -1.89]
[33.98, 0.2, 0.3, 0.3, -1.89]
[31.92, 0.2, 0.3, 0.3, -1.89]
[30.66, 0.2, 0.3, 0.3, -2.99]
[29.37, 0.2, 0.3, 0.3, -2.99]
[27.14, 0.2, 0.3, 0.3, -2.99]
[25.79, 0.2, 0.3, 0.3, -4.2]
[24.41, 0.2, 0.3, 0.3, -4.2]
[22.05, 0.2, 0.3, 0.3, -4.2]
[20.63, 0.2, 0.3, 0.3, -5.46]
[18.2, 0.2, 0.3, 0.3, -5.46]
[16.73, 0.2, 0.3, 0.3, -5.46]
[15.25, 0.2, 0.3, 0.3, -6.74]
[12.74, 0.2, 0.3, 0.3, -6.74]
[11.23, 0.2, 0.3, 0.3, -6.74]
[9.72, 0.2, 0.3, 0.3, -8.03]
[7.18, 0.2, 0.3, 0.3, -8.03]
[5.66, 0.2, 0.3, 0.3, -8.03]
[4.13, 0.2, 0.3, 0.3, -9.21]
[1.6, 0.2, 0.3, 0.3, -9.21]
[0.08, 0.2, 0.3, 0.3, -9.21]
[-1.43, 0.2, 0.3, 0.3, -10.3]
[-3.89, 0.2, 0.3, 0.3, -10.3]
[-5.37, 0.2, 0.3, 0.3, -10.3]
[-6.84, 0.2, 0.3, 0.3, -11.2]
[-9.25, 0.2, 0.3, 0.3, -11.2]
[-10.7, 0.2, 0.3, 0.3, -11.2]
[-13.04, 0.2, 0.3, 0.3, -12.22]
[-14.42, 0.2, 0.3, 0.3, -12.22]
[-15.77, 0.2, 0.3, 0.3, -12.22]
[-17.94, 0.2, 0.3, 0.3, -12.95]
[-19.21, 0.2, 0.3, 0.3, -12.95]
[-20.44, 0.2, 0.3, 0.3, -12.95]
[-22.39, 0.2, 0.3, 0.3, -13.27]
[-23.52, 0.2, 0.3, 0.3, -13.27]
[-25.3, 0.2, 0.3, 0.3, -13.27]
[-26.32, 0.2, 0.3, 0.3, -15.56]
[-27.3, 0.2, 0.3, 0.3, -15.56]
[-28.82, 0.2, 0.3, 0.3, -15.56]
[-29.68, 0.2, 0.3, 0.3, -13.12]
[-30.49, 0.2, 0.3, 0.3, -13.12]
[-31.71, 0.2, 0.3, 0.3, -13.12]
[-32.39, 0.2, 0.3, 0.3, -12.79]
[-33.01, 0.2, 0.3, 0.3, -12.79]
[-33.92, 0.2, 0.3, 0.3, -12.79]
[-34.39, 0.2, 0.3, 0.3, -12.16]
[-34.81, 0.2, 0.3, 0.3, -12.16]
[-35.4, 0.2, 0.3, 0.3, -12.16]
[-35.67, 0.2, 0.3, 0.3, -11.35]
[-35.87, 0.2, 0.3, 0.3, -11.35]
[-36.14, 0.2, 0.3, 0.3, -11.35]
[-36.21, 0.2, 0.3, 0.3, -10.37]
[-36.24, 0.2, 0.3, 0.3, -10.37]
[-36.2, 0.2, 0.3, 0.3, -10.37]
[-36.11, 0.2, 0.3, 0.3, -9.41]
[-35.9, 0.2, 0.3, 0.3, -9.41]
[-35.72, 0.2, 0.3, 0.3, -9.41]
[-35.51, 0.2, 0.3, 0.3, -8.78]
[-35.07, 0.2, 0.3, 0.3, -8.78]
[-34.77, 0.2, 0.3, 0.3, -8.78]
[-34.18, 0.2, 0.3, 0.3, -8.21]
[-33.79, 0.2, 0.3, 0.3, -8.21]
[-33.38, 0.2, 0.3, 0.3, -8.21]
[-32.58, 0.2, 0.3, 0.3, -7.62]
[-32.07, 0.2, 0.3, 0.3, -7.62]
[-31.53, 0.2, 0.3, 0.3, -7.62]
[-30.54, 0.2, 0.3, 0.3, -6.81]
[-29.91, 0.2, 0.3, 0.3, -6.81]
[-29.25, 0.2, 0.3, 0.3, -6.81]
[-28.09, 0.2, 0.3, 0.3, -5.96]
[-27.36, 0.2, 0.3, 0.3, -5.96]
[-26.6, 0.2, 0.3, 0.3, -5.96]
[-25.3, 0.2, 0.3, 0.3, -5.1]
[-24.47, 0.2, 0.3, 0.3, -5.1]
[-23.64, 0.2, 0.3, 0.3, -5.1]
[-22.23, 0.2, 0.3, 0.3, -4.29]
[-21.35, 0.2, 0.3, 0.3, -4.29]
[-19.89, 0.2, 0.3, 0.3, -4.29]
[-18.99, 0.2, 0.3, 0.3, -1.78]
[-18.09, 0.2, 0.3, 0.3, -1.78]
[-16.58, 0.2, 0.3, 0.3, -1.78]
[-15.68, 0.2, 0.3, 0.3, -2.93]
[-14.79, 0.2, 0.3, 0.3, -2.93]
[-13.28, 0.2, 0.3, 0.3, -2.93]
[-12.38, 0.2, 0.3, 0.3, -2.69]
[-10.89, 0.2, 0.3, 0.3, -2.69]
[-10.01, 0.2, 0.3, 0.3, -2.69]
[-9.14, 0.2, 0.3, 0.3, -2.45]
[-7.69, 0.2, 0.3, 0.3, -2.45]
[-6.84, 0.2, 0.3, 0.3, -2.45]
[-5.99, 0.2, 0.3, 0.3, -2.28]
[-4.6, 0.2, 0.3, 0.3, -2.28]
[-3.77, 0.2, 0.3, 0.3, -2.28]
[-2.96, 0.2, 0.3, 0.3, -2.11]
[-1.64, 0.2, 0.3, 0.3, -2.11]
[-0.86, 0.2, 0.3, 0.3, -2.11]
[-0.09, 0.2, 0.3, 0.3, -2.02]
[1.13, 0.2, 0.3, 0.3, -2.02]
[1.86, 0.2, 0.3, 0.3, -2.02]
[2.56, 0.2, 0.3, 0.3, -2.01]
[3.67, 0.2, 0.3, 0.3, -2.01]
[4.32, 0.2, 0.3, 0.3, -2.01]
[4.94, 0.2, 0.3, 0.3, -2.14]
[5.92, 0.2, 0.3, 0.3, -2.14]
[6.48, 0.2, 0.3, 0.3, -2.14]
[7.02, 0.2, 0.3, 0.3, -2.41]
[7.86, 0.2, 0.3, 0.3, -2.41]
[8.34, 0.2, 0.3, 0.3, -2.41]
[8.78, 0.2, 0.3, 0.3, -2.71]
[9.51, 0.2, 0.3, 0.3, -2.71]
[9.89, 0.2, 0.3, 0.3, -2.71]
[10.5, 0.2, 0.3, 0.3, -3.02]
[10.83, 0.2, 0.3, 0.3, -3.02]
[11.14, 0.2, 0.3, 0.3, -3.02]
[11.62, 0.2, 0.3, 0.3, -3.37]
[11.87, 0.2, 0.3, 0.3, -3.37]
[12.1, 0.2, 0.3, 0.3, -3.37]
[12.45, 0.2, 0.3, 0.3, -3.65]
[12.63, 0.2, 0.3, 0.3, -3.65]
[12.8, 0.2, 0.3, 0.3, -3.65]
[13.02, 0.2, 0.3, 0.3, -3.93]
[13.14, 0.2, 0.3, 0.3, -3.93]
[13.24, 0.2, 0.3, 0.3, -3.93]
[13.35, 0.2, 0.3, 0.3, -4.2]
[13.41, 0.2, 0.3, 0.3, -4.2]
[13.44, 0.2, 0.3, 0.3, -4.2]
[13.45, 0.2, 0.3, 0.3, -4.47]
[13.44, 0.2, 0.3, 0.3, -4.47]
[13.37, 0.2, 0.3, 0.3, -4.47]
[13.31, 0.2, 0.3, 0.3, -4.94]
[13.23, 0.2, 0.3, 0.3, -4.94]
[13.06, 0.2, 0.3, 0.3, -4.94]
[12.94, 0.2, 0.3, 0.3, -5.3]
[12.8, 0.2, 0.3, 0.3, -5.3]
[12.54, 0.2, 0.3, 0.3, -5.3]
[12.36, 0.2, 0.3, 0.3, -5.66]
[12.17, 0.2, 0.3, 0.3, -5.66]
[11.84, 0.2, 0.3, 0.3, -5.66]
[11.61, 0.2, 0.3, 0.3, -5.97]
[11.39, 0.2, 0.3, 0.3, -5.97]
[11.0, 0.2, 0.3, 0.3, -5.97]
[10.75, 0.2, 0.3, 0.3, -6.23]
[10.49, 0.2, 0.3, 0.3, -6.23]
[10.05, 0.2, 0.3, 0.3, -6.23]
[9.78, 0.2, 0.3, 0.3, -6.45]
[9.32, 0.2, 0.3, 0.3, -6.45]
[9.02, 0.2, 0.3, 0.3, -6.45]
[8.73, 0.2, 0.3, 0.3, -6.64]
[8.23, 0.2, 0.3, 0.3, -6.64]
[7.92, 0.2, 0.3, 0.3, -6.64]
[7.62, 0.2, 0.3, 0.3, -6.83]
[7.09, 0.2, 0.3, 0.3, -6.83]
[6.78, 0.2, 0.3, 0.3, -6.83]
[6.48, 0.2, 0.3, 0.3, -6.96]
[5.94, 0.2, 0.3, 0.3, -6.96]
[5.64, 0.2, 0.3, 0.3, -6.96]
[5.33, 0.2, 0.3, 0.3, -7.04]
[4.81, 0.2, 0.3, 0.3, -7.04]
[4.5, 0.2, 0.3, 0.3, -7.04]
[4.19, 0.2, 0.3, 0.3, -7.13]
[3.68, 0.2, 0.3, 0.3, -7.13]
[3.38, 0.2, 0.3, 0.3, -7.13]
[3.07, 0.2, 0.3, 0.3, -7.19]
[2.58, 0.2, 0.3, 0.3, -7.19]
[2.28, 0.2, 0.3, 0.3, -7.19]
[1.98, 0.2, 0.3, 0.3, -7.27]
[1.51, 0.2, 0.3, 0.3, -7.27]
[1.21, 0.2, 0.3, 0.3, -7.27]
[0.93, 0.2, 0.3, 0.3, -7.37]
[0.48, 0.2, 0.3, 0.3, -7.37]
[0.19, 0.2, 0.3, 0.3, -7.37]
[-0.26, 0.2, 0.3, 0.3, -7.42]
[-0.56, 0.2, 0.3, 0.3, -7.42]
[-0.87, 0.2, 0.3, 0.3, -7.42]
[-1.4, 0.2, 0.3, 0.3, -7.76]
[-1.76, 0.2, 0.3, 0.3, -7.76]
[-2.13, 0.2, 0.3, 0.3, -7.76]
[-2.75, 0.2, 0.3, 0.3, -8.71]
[-3.14, 0.2, 0.3, 0.3, -8.71]
[-3.5, 0.2, 0.3, 0.3, -8.71]
[-4.08, 0.2, 0.3, 0.3, -9.4]
[-4.41, 0.2, 0.3, 0.3, -9.4]
[-4.71, 0.2, 0.3, 0.3, -9.4]
[-5.2, 0.2, 0.3, 0.3, -9.3]
[-5.46, 0.2, 0.3, 0.3, -9.3]
[-5.71, 0.2, 0.3, 0.3, -9.3]
[-6.1, 0.2, 0.3, 0.3, -9.03]
[-6.31, 0.2, 0.3, 0.3, -9.03]
[-6.63, 0.2, 0.3, 0.3, -9.03]
[-6.79, 0.2, 0.3, 0.3, -9.18]
[-6.93, 0.2, 0.3, 0.3, -9.18]
[-7.15, 0.2, 0.3, 0.3, -9.18]
[-7.25, 0.2, 0.3, 0.3, -8.3]
[-7.33, 0.2, 0.3, 0.3, -8.3]
[-7.45, 0.2, 0.3, 0.3, -8.3]
[-7.5, 0.2, 0.3, 0.3, -7.93]
[-7.52, 0.2, 0.3, 0.3, -7.93]
[-7.53, 0.2, 0.3, 0.3, -7.93]
[-7.51, 0.2, 0.3, 0.3, -7.52]
[-7.47, 0.2, 0.3, 0.3, -7.52]
[-7.39, 0.2, 0.3, 0.3, -7.52]
[-7.31, 0.2, 0.3, 0.3, -7.04]
[-7.22, 0.2, 0.3, 0.3, -7.04]
[-7.04, 0.2, 0.3, 0.3, -7.04]
[-6.9, 0.2, 0.3, 0.3, -6.55]
[-6.75, 0.2, 0.3, 0.3, -6.55]
[-6.48, 0.2, 0.3, 0.3, -6.55]
[-6.29, 0.2, 0.3, 0.3, -6.0]
[-6.09, 0.2, 0.3, 0.3, -6.0]
[-5.75, 0.2, 0.3, 0.3, -6.0]
[-5.51, 0.2, 0.3, 0.3, -5.53]
[-5.27, 0.2, 0.3, 0.3, -5.53]
[-4.87, 0.2, 0.3, 0.3, -5.53]
[-4.6, 0.2, 0.3, 0.3, -5.03]
[-4.16, 0.2, 0.3, 0.3, -5.03]
[-3.87, 0.2, 0.3, 0.3, -5.03]
[-3.58, 0.2, 0.3, 0.3, -4.59]
[-3.1, 0.2, 0.3, 0.3, -4.59]
[-2.8, 0.2, 0.3, 0.3, -4.59]
[-2.5, 0.2, 0.3, 0.3, -4.28]
[-2.01, 0.2, 0.3, 0.3, -4.28]
[-1.7, 0.2, 0.3, 0.3, -4.28]
[-1.39, 0.2, 0.3, 0.3, -3.98]
[-0.89, 0.2, 0.3, 0.3, -3.98]
[-0.59, 0.2, 0.3, 0.3, -3.98]
[-0.3, 0.2, 0.3, 0.3, -3.78]
[0.16, 0.2, 0.3, 0.3, -3.78]
[0.43, 0.2, 0.3, 0.3, -3.78]
[0.66, 0.2, 0.3, 0.3, -3.81]
[1.02, 0.2, 0.3, 0.3, -3.81]
[1.21, 0.2, 0.3, 0.3, -3.81]
[1.47, 0.2, 0.3, 0.3, -4.36]
[1.6, 0.2, 0.3, 0.3, -4.36]
[1.7, 0.2, 0.3, 0.3, -4.36]
[1.86, 0.2, 0.3, 0.3, -5.05]
[1.91, 0.2, 0.3, 0.3, -5.05]
[1.95, 0.2, 0.3, 0.3, -5.05]
[2.02, 0.2, 0.3, 0.3, -5.67]
[2.03, 0.2, 0.3, 0.3, -5.67]
[2.02, 0.2, 0.3, 0.3, -5.67]
[2.03, 0.2, 0.3, 0.3, -6.14]
[2.0, 0.2, 0.3, 0.3, -6.14]
[1.98, 0.2, 0.3, 0.3, -6.14]
[1.95, 0.2, 0.3, 0.3, -6.43]
[1.91, 0.2, 0.3, 0.3, -6.43]
[1.87, 0.2, 0.3, 0.3, -6.43]
[1.81, 0.2, 0.3, 0.3, -6.6]
[1.76, 0.2, 0.3, 0.3, -6.6]
[1.71, 0.2, 0.3, 0.3, -6.6]
[1.63, 0.2, 0.3, 0.3, -6.73]
[1.59, 0.2, 0.3, 0.3, -6.73]
[1.55, 0.2, 0.3, 0.3, -6.73]
[1.47, 0.2, 0.3, 0.3, -6.72]
[1.44, 0.2, 0.3, 0.3, -6.72]
[1.41, 0.2, 0.3, 0.3, -6.72]
[1.35, 0.2, 0.3, 0.3, -6.64]
[1.33, 0.2, 0.3, 0.3, -6.64]
[1.28, 0.2, 0.3, 0.3, -6.64]
[1.26, 0.2, 0.3, 0.3, -6.61]
[1.25, 0.2, 0.3, 0.3, -6.61]
[1.22, 0.2, 0.3, 0.3, -6.61]
[1.21, 0.2, 0.3, 0.3, -6.35]
[1.21, 0.2, 0.3, 0.3, -6.35]
[1.2, 0.2, 0.3, 0.3, -6.35]
[1.2, 0.2, 0.3, 0.3, -6.21]
[1.19, 0.2, 0.3, 0.3, -6.21]
[1.21, 0.2, 0.3, 0.3, -6.21]
[1.21, 0.2, 0.3, 0.3, -6.09]
[1.21, 0.2, 0.3, 0.3, -6.09]
[1.25, 0.2, 0.3, 0.3, -6.09]
[1.25, 0.2, 0.3, 0.3, -5.94]
[1.26, 0.2, 0.3, 0.3, -5.94]
[1.31, 0.2, 0.3, 0.3, -5.94]
[1.32, 0.2, 0.3, 0.3, -5.83]
[1.35, 0.2, 0.3, 0.3, -5.83]
[1.4, 0.2, 0.3, 0.3, -5.83]
[1.43, 0.2, 0.3, 0.3, -5.68]
[1.46, 0.2, 0.3, 0.3, -5.68]
[1.51, 0.2, 0.3, 0.3, -5.68]
[1.56, 0.2, 0.3, 0.3, -5.55]
[1.6, 0.2, 0.3, 0.3, -5.55]
[1.65, 0.2, 0.3, 0.3, -5.55]
[1.71, 0.2, 0.3, 0.3, -5.39]
[1.77, 0.2, 0.3, 0.3, -5.39]
[1.82, 0.2, 0.3, 0.3, -5.39]
[1.87, 0.2, 0.3, 0.3, -5.22]
[1.94, 0.2, 0.3, 0.3, -5.22]
[1.98, 0.2, 0.3, 0.3, -5.22]
[2.02, 0.2, 0.3, 0.3, -5.15]
[2.09, 0.2, 0.3, 0.3, -5.15]
[2.13, 0.2, 0.3, 0.3, -5.15]
[2.16, 0.2, 0.3, 0.3, -5.1]
[2.24, 0.2, 0.3, 0.3, -5.1]
[2.28, 0.2, 0.3, 0.3, -5.1]
[2.31, 0.2, 0.3, 0.3, -5.0]
[2.39, 0.2, 0.3, 0.3, -5.0]
[2.42, 0.2, 0.3, 0.3, -5.0]
[2.47, 0.2, 0.3, 0.3, -4.9]
[2.53, 0.2, 0.3, 0.3, -4.9]
[2.58, 0.2, 0.3, 0.3, -4.9]
[2.63, 0.2, 0.3, 0.3, -4.77]
[2.68, 0.2, 0.3, 0.3, -4.77]
[2.72, 0.2, 0.3, 0.3, -4.77]
[2.77, 0.2, 0.3, 0.3, -4.68]
[2.82, 0.2, 0.3, 0.3, -4.68]
[2.85, 0.2, 0.3, 0.3, -4.68]
[2.88, 0.2, 0.3, 0.3, -4.63]
[2.92, 0.2, 0.3, 0.3, -4.63]
[2.93, 0.2, 0.3, 0.3, -4.63]
[1.83, 0.2, 0.3, 0.3, -4.65]
[2.96, 0.2, 0.3, 0.3, -4.65]
[2.97, 0.2, 0.3, 0.3, -4.65]
[2.98, 0.2, 0.3, 0.3, -4.7]
[2.97, 0.2, 0.3, 0.3, -4.7]
[2.97, 0.2, 0.3, 0.3, -4.7]
[2.97, 0.2, 0.3, 0.3, -4.72]
[2.93, 0.2, 0.3, 0.3, -4.72]
[2.91, 0.2, 0.3, 0.3, -4.72]
[2.86, 0.2, 0.3, 0.3, -4.81]
[2.84, 0.2, 0.3, 0.3, -4.81]
[2.8, 0.2, 0.3, 0.3, -4.81]
[2.73, 0.2, 0.3, 0.3, -4.91]
[2.68, 0.2, 0.3, 0.3, -4.91]
[2.62, 0.2, 0.3, 0.3, -4.91]
[2.53, 0.2, 0.3, 0.3, -5.08]
[2.47, 0.2, 0.3, 0.3, -5.08]
[2.42, 0.2, 0.3, 0.3, -5.08]
[2.35, 0.2, 0.3, 0.3, -5.1]
[2.24, 0.2, 0.3, 0.3, -5.1]
[2.2, 0.2, 0.3, 0.3, -5.1]
[2.35, 0.2, 0.3, 0.3, -5.15]
[2.53, 0.2, 0.3, 0.3, -5.15]
[2.72, 0.2, 0.3, 0.3, -5.15]
[3.07, 0.2, 0.3, 0.3, -2.72]
[3.4, 0.2, 0.3, 0.3, -2.72]
[3.85, 0.2, 0.3, 0.3, -2.72]
[4.05, 0.2, 0.3, 0.3, -0.59]
[4.27, 0.2, 0.3, 0.3, -0.59]
[4.54, 0.2, 0.3, 0.3, -0.59]
[4.54, 0.2, 0.3, 0.3, -1.6]
[4.47, 0.2, 0.3, 0.3, -1.6]
[4.48, 0.2, 0.3, 0.3, -1.6]
[4.46, 0.2, 0.3, 0.3, -3.73]
[4.37, 0.2, 0.3, 0.3, -3.73]
[4.23, 0.2, 0.3, 0.3, -3.73]
[4.23, 0.2, 0.3, 0.3, -4.24]
[4.23, 0.2, 0.3, 0.3, -4.24]
[4.49, 0.2, 0.3, 0.3, -4.24]
[4.65, 0.2, 0.3, 0.3, -2.53]
[4.75, 0.2, 0.3, 0.3, -2.53]
[4.66, 0.2, 0.3, 0.3, -2.53]
[4.6, 0.2, 0.3, 0.3, -2.6]
[4.46, 0.2, 0.3, 0.3, -2.6]
[4.36, 0.2, 0.3, 0.3, -2.6]
[4.33, 0.2, 0.3, 0.3, -3.96]
[4.4, 0.2, 0.3, 0.3, -3.96]
[4.52, 0.2, 0.3, 0.3, -3.96]
[4.45, 0.2, 0.3, 0.3, -2.4]
[4.36, 0.2, 0.3, 0.3, -2.4]
[3.93, 0.2, 0.3, 0.3, -2.4]
[3.6, 0.2, 0.3, 0.3, -4.63]
[3.12, 0.2, 0.3, 0.3, -4.63]
[2.78, 0.2, 0.3, 0.3, -4.63]
[2.3, 0.2, 0.3, 0.3, -6.49]
[1.7, 0.2, 0.3, 0.3, -6.49]
[1.51, 0.2, 0.3, 0.3, -6.49]
[1.46, 0.2, 0.3, 0.3, -7.04]
[1.62, 0.2, 0.3, 0.3, -7.04]
[1.64, 0.2, 0.3, 0.3, -7.04]
[1.42, 0.2, 0.3, 0.3, -2.78]
[0.66, 0.2, 0.3, 0.3, -2.78]
[0.15, 0.2, 0.3, 0.3, -2.78]
[-0.42, 0.2, 0.3, 0.3, -7.93]
[-1.07, 0.2, 0.3, 0.3, -7.93]
[-1.11, 0.2, 0.3, 0.3, -7.93]
[-0.92, 0.2, 0.3, 0.3, -7.54]
[-0.35, 0.2, 0.3, 0.3, -7.54]
[0.04, 0.2, 0.3, 0.3, -7.54]
[0.35, 0.2, 0.3, 0.3, -0.06]
[0.4, 0.2, 0.3, 0.3, -0.06]
[0.29, 0.2, 0.3, 0.3, -0.06]
[0.32, 0.2, 0.3, 0.3, -2.69]
[0.42, 0.2, 0.3, 0.3, -2.69]
