-24.62
-23.23
-21.82
-19.39
-17.9
-16.39
-13.78
-12.21
-10.62
-7.93
-6.32
-4.71
-1.99
-0.39
2.29
3.87
5.44
8.01
9.51
10.98
13.39
14.79
16.16
18.4
19.7
20.96
22.98
24.14
25.27
27.06
28.1
29.72
30.64
31.51
32.88
33.64
34.36
35.42
36.0
36.53
37.31
37.71
38.07
38.58
38.82
39.01
39.24
39.32
39.36
39.34
39.27
39.16
38.9
38.69
38.45
37.96
37.63
37.0
36.58
36.12
35.29
34.76
34.21
33.22
32.6
31.94
30.82
30.11
29.38
28.11
27.33
26.52
25.15
24.3
22.86
21.97
21.07
19.55
18.62
17.68
16.1
15.14
14.18
12.55
11.57
10.6
8.96
7.99
7.01
5.37
4.41
2.48
1.53
0.59
-0.93
-1.84
-2.75
-4.24
-5.15
-6.07
-7.54
-8.42
-9.28
-10.67
-11.46
-12.23
-13.45
-14.14
-15.24
-15.86
-16.44
-17.38
-17.88
-18.35
-19.1
-19.49
-19.85
-20.41
-20.7
-20.95
-21.32
-21.49
-21.64
-21.81
-21.87
-21.9
-21.89
-21.85
-21.69
-21.58
-21.43
-21.09
-20.87
-20.42
-20.13
-19.81
-19.19
-18.8
# 160.38
-17.64
-17.18
-16.7
-15.84
-15.31
-14.77
-13.82
-13.24
-12.66
-11.65
-11.05
-10.03
-9.42
-8.82
-7.78
-7.19
-6.59
-5.58
-5.0
-4.43
-3.46
-2.9
-2.36
-1.44
-0.91
-0.39
0.47
0.95
1.72
2.16
2.57
3.21
3.58
3.91
4.42
4.72
5.0
5.41
5.65
5.88
6.21
6.4
6.57
6.81
6.94
7.13
7.22
7.31
7.43
7.48
7.53
7.56
7.57
7.58
7.56
7.53
7.5
7.41
7.34
7.27
7.15
7.06
6.96
6.8
6.68
6.57
6.38
6.25
6.11
5.9
5.75
5.6
5.35
5.19
5.02
4.75
4.58
4.39
4.11
3.93
3.63
3.46
3.27
2.99
2.83
2.66
2.32
2.16
1.99
1.7
1.56
1.43
1.2
1.07
0.95
0.74
0.62
0.5
0.26
0.11
-0.07
-0.43
-0.65
-0.89
-1.36
-1.65
-2.18
-2.5
-2.81
-3.33
-3.62
-3.88
-4.29
-4.53
-4.73
-5.05
-5.23
-5.38
-5.6
-5.72
-5.81
-5.93
-5.98
-6.02
-6.05
-6.05
-6.0
-5.95
-5.91
-5.76
-5.67
-5.56
-5.32
-5.18
-5.02
-4.7
-4.51
-4.31
-3.92
-3.68
-3.25
-2.98
-2.71
-2.24
-1.96
-1.67
-1.17
-0.88
-0.58
-0.09
0.2
0.48
0.88
1.1
1.29
1.56
1.71
1.89
1.99
2.08
2.18
2.24
2.29
2.34
2.37
2.4
2.42
2.43
2.44
2.45
2.45
2.45
2.45
2.43
2.41
2.39
2.35
2.32
2.28
2.24
2.2
2.16
2.11
2.05
2.0
1.95
1.88
1.81
1.76
1.68
1.61
1.55
1.46
1.39
1.34
1.25
1.19
1.15
1.07
1.03
1.01
0.94
0.92
0.9
0.84
0.81
0.76
0.62
0.53
0.41
0.16
0.0
-0.19
-0.54
-0.77
-1.02
-1.47
-1.76
-2.25
-2.54
-2.83
-3.26
-3.5
-3.72
-4.04
-4.22
-4.39
-4.67
-4.78
-4.86
-4.97
-5.01
-5.02
-5.02
-4.99
-4.91
-4.85
-4.76
-4.58
-4.46
-4.31
-4.04
-3.85
-3.65
-3.29
-3.06
-2.81
-2.38
-2.1
-1.81
-1.34
-1.05
-0.55
-0.25
0.05
0.54
0.81
1.06
1.15
0.21
-1.54
-5.51
-8.15
-11.07
-16.73
-20.26
-23.68
-29.15
-32.26
-37.07
-39.7
-42.12
-45.66
-47.48
-49.08
-51.31
-52.43
-53.88
-54.51
-54.95
-55.25
-55.2
-55.0
-54.39
-53.86
