-0.03
-0.04
-0.05
-0.05
-0.05
-0.05
-0.06
-0.07
-0.07
-0.06
-0.01
-0.0
-0.04
-0.09
-0.08
-0.05
-0.02
-0.04
-0.04
-0.05
-0.04
-0.05
-0.11
-0.11
-0.11
-0.13
-0.15
-0.16
-0.15
-0.15
-0.18
-0.13
-0.15
-0.2
-0.25
-0.29
-0.26
-0.25
-0.26
-0.38
-0.59
-0.74
-0.99
-1.01
-1.04
-0.92
-1.01
-1.44
-1.68
-1.4
-1.12
-1.26
-1.38
-1.29
-1.01
-0.71
-0.03
0.27
0.4
0.17
-0.94
-2.09
-4.7
-6.65
-10.18
-12.31
-15.79
-17.9
-21.37
-23.53
-27.3
-29.58
-33.42
-35.63
-39.04
-41.12
-44.57
-46.16
-48.03
-48.9
-49.94
-50.45
-51.21
-51.75
-52.8
-53.44
-54.68
-55.45
-56.91
-57.82
-59.05
-59.72
-60.42
-60.6
-60.97
-61.11
-60.96
-60.89
-60.6
-60.32
-59.77
-59.35
-58.44
-57.76
-56.43
-55.52
-53.77
-52.6
-50.41
-48.97
-46.43
-44.8
-41.9
-40.03
-36.81
-34.81
-31.38
-29.27
-25.64
-23.44
-19.74
-17.53
-13.75
-11.48
-7.7
-5.45
-1.73
1.97
4.16
7.73
9.85
13.28
15.29
18.53
20.42
23.48
25.25
28.12
29.78
32.44
33.97
36.41
37.8
40.03
41.29
43.31
44.45
46.26
47.3
48.96
49.9
51.36
52.18
53.45
54.16
55.25
55.85
56.76
57.23
57.94
58.3
58.81
59.06
59.37
59.5
59.61
59.63
59.55
59.46
59.19
58.98
58.53
58.21
57.59
57.16
56.37
55.84
54.89
54.26
53.14
52.43
51.16
50.36
48.96
48.07
46.54
45.58
43.94
42.91
41.17
40.09
38.26
37.13
35.24
34.09
32.13
30.93
28.93
27.71
25.63
24.38
22.26
20.97
18.78
17.44
15.22
13.87
11.6
10.22
7.92
6.54
4.24
2.87
0.6
-0.73
-2.94
-4.23
-6.38
-7.63
-9.68
-10.87
-12.81
-13.94
-15.74
-16.8
-18.48
-19.45
-20.98
-21.87
-23.25
-24.05
-25.28
-25.98
-27.06
-27.66
-28.58
-29.08
-29.85
-30.26
-30.87
-31.18
-31.64
-31.85
-32.14
-32.26
-32.4
-32.43
-32.43
-32.38
-32.23
-32.11
-31.83
-31.64
-31.25
-31.0
-30.51
-30.2
-29.61
-29.24
-28.55
-28.13
-27.36
-26.87
-25.82
-25.3
-24.38
-23.82
-22.84
-22.25
-21.22
-20.6
-19.53
-18.89
-17.8
-17.15
-16.04
-15.38
-14.26
-13.59
-12.48
-11.81
-10.71
-10.04
-8.96
-8.31
-7.27
-6.63
-5.62
-5.0
-4.03
-3.44
-2.51
-1.97
-1.08
-0.57
0.27
0.74
1.53
1.98
2.72
3.15
3.85
4.25
4.9
5.27
5.87
6.21
6.76
7.08
7.57
7.85
8.29
8.55
8.93
# -18.49
9.48
9.67
9.93
10.08
10.29
10.39
10.54
10.61
10.7
10.73
10.76
10.77
10.73
10.7
10.61
10.55
10.4
10.31
10.12
9.99
9.75
9.6
9.31
9.13
8.81
8.6
8.25
8.02
7.63
7.38
6.98
6.71
6.28
6.01
5.56
5.29
4.83
4.58
4.12
3.86
3.42
3.16
2.73
2.48
2.07
1.83
1.45
1.22
0.87
0.65
0.34
0.14
-0.15
-0.32
-0.57
-0.7
-0.9
-1.01
-1.18
-1.25
-1.37
-1.43
-1.49
-1.52
-1.55
-1.55
-1.53
-1.52
-1.46
-1.41
-1.32
-1.27
-1.15
-1.09
-0.96
-0.9
-0.76
-0.7
-0.57
-0.51
-0.4
-0.35
-0.25
-0.21
-0.12
-0.04
-0.01
0.05
0.07
0.12
0.13
0.16
0.17
0.17
0.18
0.17
0.17
0.14
0.13
0.08
0.07
0.01
-0.01
-0.09
-0.13
-0.21
-0.26
-0.35
-0.41
-0.51
-0.59
-0.69
-0.76
-0.85
-0.91
-1.0
-1.07
-1.16
-1.21
-1.3
-1.35
-1.43
-1.47
-1.54
-1.57
-1.64
-1.66
-1.71
-1.74
-1.78
-1.79
-1.82
-1.83
-1.84
-1.85
-1.85
-1.85
-1.83
-1.83
-1.81
-1.81
-1.76
-1.74
-1.7
-1.67
-1.61
-1.56
-1.5
-1.44
-1.36
-1.3
-1.22
-1.16
-1.06
-0.99
-0.89
-0.83
-0.71
-0.66
-0.53
-0.46
-0.33
-0.26
-0.11
-0.03
0.12
0.21
0.36
0.46
0.62
0.73
0.89
1.01
1.18
1.29
1.45
1.56
1.71
1.8
1.93
2.0
2.11
2.17
2.26
2.31
2.37
2.41
2.45
2.47
2.49
2.49
2.49
2.48
2.46
2.43
2.38
2.34
2.28
2.22
2.15
2.08
1.99
1.92
1.8
1.71
1.58
1.48
1.33
1.23
1.07
0.95
0.78
0.66
0.47
0.35
0.17
0.05
-0.1
-0.04
0.12
0.01
-0.34
-0.53
-0.84
-0.95
-1.08
-1.13
-1.15
-1.21
-0.86
-0.59
-0.34
-0.47
-1.14
-1.5
-1.53
-1.27
-0.9
-0.95
-1.46
-1.9
-2.5
-2.57
-2.41
-2.23
-1.97
-1.88
-1.78
-1.66
-1.37
-1.24
-1.18
-1.17
-1.07
-0.97
-0.89
-1.02
-1.4
-1.57
-1.61
-1.67
-1.99
-2.21
-2.57
-2.74
-2.94
-0.08
-0.09
-0.11
-0.12
-0.13
-0.14
-0.14
-0.14
-0.13
-0.11
-0.14
-0.16
-0.14
-0.15
-0.17
-0.2
-0.31
-0.34
-0.48
-0.57
-0.71
-0.79
-0.85
-0.96
-1.07
-1.11
-1.13
-1.17
-1.32
-1.43
-1.5
-1.5
-1.5
-1.52
-1.57
-1.59
-1.57
-1.56
-1.56
-1.56
-1.54
-1.53
-1.53
-1.54
-1.54
-1.53
-1.53
-1.55
-1.55
-1.55
-1.55
-1.55
-1.55
-1.55
