-0.88
-1.15
-1.41
-1.3
-0.58
0.06
-0.04
-0.05
-0.04
-0.05
-0.06
-0.06
-0.07
-0.08
-0.09
-0.09
-0.09
-0.09
-0.09
-0.09
-0.08
-0.06
-0.08
-0.09
-0.08
-0.07
-0.11
-0.13
-0.13
-0.13
-0.17
-0.19
-0.15
-0.14
-0.15
-0.16
-0.13
-0.13
-0.15
-0.15
-0.13
-0.09
0.03
0.15
0.57
0.98
1.92
2.57
3.71
4.61
6.47
7.76
9.86
11.1
13.4
15.16
18.53
20.75
24.59
26.9
30.82
33.2
37.05
40.84
43.06
46.68
48.75
51.96
53.69
55.99
57.22
59.22
60.32
61.81
62.5
63.36
63.84
64.63
65.03
65.53
65.78
65.79
65.57
65.06
64.73
64.12
63.67
62.84
62.29
61.42
61.04
60.69
60.82
61.73
62.49
63.76
64.34
64.91
65.04
65.28
65.13
64.73
64.44
63.77
63.29
62.24
61.56
60.19
59.23
57.4
56.17
53.91
52.44
49.7
47.9
44.76
42.81
39.42
37.26
33.5
31.2
27.39
25.09
21.13
18.73
14.74
12.36
8.4
6.03
2.09
-0.25
-4.07
-6.33
-10.02
-12.16
-15.62
-17.62
-20.87
-22.73
-25.71
-27.41
-30.06
-31.56
-33.92
-35.25
-37.3
-38.42
-40.13
-41.05
-42.44
-43.17
-44.23
-44.78
-45.55
-45.93
-46.41
-46.61
-46.81
-46.84
-46.78
-46.67
-46.39
-46.16
-45.68
-45.34
-44.68
-44.24
-43.42
-42.52
-41.94
-40.94
-40.3
-39.23
-38.57
-37.44
-36.77
-35.61
-34.92
-33.78
-33.09
-31.97
-31.31
-30.23
-29.61
-28.59
-28.0
-27.04
-26.48
-25.58
-25.06
-24.25
-23.78
-23.06
-22.66
-22.03
-21.69
-21.15
-20.84
-20.39
-19.99
-19.77
-19.46
-19.29
-19.06
-18.96
-18.82
-18.77
-18.7
-18.69
-18.68
-18.69
-18.72
-18.75
-18.82
-18.87
-18.96
-19.02
-19.11
-19.16
-19.25
-19.29
-19.38
-19.42
-19.5
-19.55
-19.6
-19.63
-19.67
-19.67
-19.69
-19.69
-19.69
-19.69
-19.68
-19.68
-19.65
-19.62
-19.59
-19.55
-19.51
-19.49
-19.42
-19.4
-19.32
-19.25
-19.16
-19.08
-18.96
-18.9
-18.77
-18.69
-18.53
-18.43
-18.26
-18.14
-17.96
-17.84
-17.65
-17.53
-17.33
-17.21
-17.0
-16.85
-16.64
-16.49
-16.27
-16.15
-15.92
-15.79
-15.57
-15.43
-15.19
-15.05
-14.82
-14.69
-14.45
-14.33
-14.1
-13.97
-13.73
-13.58
-13.35
-13.2
-12.97
-12.83
-12.6
-12.48
-12.24
-12.12
-11.88
-11.74
-11.52
-11.38
-11.17
-11.05
-10.85
-10.75
-10.58
-10.49
-10.34
-10.26
-10.13
-10.06
-9.96
-9.89
-9.81
-9.77
-9.71
-9.69
-9.65
-9.64
-9.61
-9.59
-9.58
-9.56
-9.56
-9.54
-9.54
-9.56
-9.56
-9.58
-9.59
-9.6
-9.63
-9.64
-9.66
-9.68
-9.71
-9.74
-9.78
-9.8
-9.82
-9.84
-9.85
-9.85
-9.86
-9.85
-9.84
-9.82
-9.79
-9.77
-9.73
-9.7
-9.67
-9.61
-9.59
-9.52
-9.5
-9.42
-9.38
-9.29
-9.24
-9.15
-9.07
-8.98
-8.9
-8.79
-8.71
-8.58
-8.51
-8.37
-8.3
-8.15
-8.07
-7.91
-7.81
-7.64
-7.53
-7.36
-7.23
-7.05
-6.93
-6.74
-6.63
-6.42
-6.32
-6.12
-6.0
-5.81
-5.69
-5.49
-5.37
-5.18
-5.05
-4.87
-4.75
-4.58
-4.47
-4.3
-4.21
-4.05
-3.97
-3.82
-3.74
-3.61
-3.54
-3.41
-3.35
-3.25
-3.18
-3.09
-3.03
-2.96
-2.9
-2.85
-2.81
-2.76
-2.73
-2.69
-2.68
-2.66
-2.66
-2.64
-2.66
-2.66
-2.68
-2.7
-2.72
-2.76
-2.78
-2.83
-2.85
-2.92
-2.95
-3.03
-3.07
-3.16
-3.21
-3.31
-3.37
-3.48
-3.55
-3.65
-3.72
-3.82
-3.88
-3.98
-4.04
-4.14
-4.18
-4.28
-4.33
-4.42
-4.47
-4.56
-4.61
-4.68
-4.74
-4.8
-4.85
-4.91
-4.95
-5.0
-5.02
-5.07
-5.08
-5.12
-5.13
-5.16
-5.18
-5.19
-5.21
-5.22
-5.23
-5.24
-5.24
-5.23
-5.21
-5.19
-5.17
-5.13
-5.12
-5.09
-5.07
-5.03
-5.01
-4.96
-4.93
-4.87
-4.83
-4.77
-4.72
-4.65
-4.61
-4.52
-4.48
-4.39
-4.35
-4.25
-4.2
-4.09
-4.04
-3.93
-3.86
-3.76
-3.69
-3.58
-3.5
-3.38
-3.31
-3.18
-3.12
-3.0
-2.93
-2.8
-2.73
-2.6
-2.52
-2.39
-2.31
-2.18
-2.1
-1.97
-1.9
-1.78
-1.72
-1.59
-1.51
-1.39
-1.3
-1.17
-1.09
-0.95
-0.88
-0.74
-0.67
-0.54
-0.47
-0.34
-0.27
-0.16
-0.08
0.03
0.1
0.19
0.24
0.33
0.36
0.43
0.46
0.51
0.54
0.59
0.62
0.65
0.67
0.68
0.68
0.68
0.68
0.67
0.66
0.64
0.63
0.61
0.59
0.54
0.51
0.45
0.4
0.33
0.29
0.21
0.17
0.07
0.03
-0.07
-0.14
-0.25
-0.34
-0.46
-0.54
-0.67
-0.74
-0.88
-0.95
-1.09
-1.16
-1.3
-1.38
-1.52
-1.6
-1.74
-1.82
-1.95
-2.02
-2.14
-2.2
-2.3
-2.35
-2.43
-2.48
-2.54
-2.58
-2.6
-2.63
-2.64
-2.63
-2.63
-2.6
-2.56
-2.53
-2.47
-2.44
-2.37
-2.32
-2.23
-2.12
-2.06
-1.93
-1.86
-1.72
-1.62
-1.46
-1.36
-1.19
-1.08
-0.9
-0.79
-0.6
-0.5
-0.33
-0.23
-0.08
0.01
0.16
0.24
0.38
0.46
0.57
0.65
0.75
0.8
0.88
0.91
0.98
1.0
1.05
1.07
1.09
1.1
1.11
1.11
1.1
0.98
0.55
0.29
-0.2
-0.32
-0.4
-0.51
-0.8
-0.92
-1.25
-1.48
-1.63
-1.69
-2.09
-2.44
-2.66
-2.34
-1.67
-1.48
-1.37
-1.46
-1.67
-1.62
-1.42
-1.31
-1.27
-1.36
-1.59
-1.64
-1.5
-1.42
-1.39
-1.44
-1.54
-1.54
-1.55
-1.57
-1.64
-1.64
-1.75
-1.85
-2.03
-2.09
-2.22
0.1
0.06
-0.03
-0.06
-0.06
-0.06
-0.06
-0.04
-0.08
-0.07
-0.09
-0.11
-0.1
-0.13
-0.13
-0.13
-0.18
-0.2
-0.19
-0.19
-0.16
-0.14
-0.15
-0.15
-0.15
-0.17
-0.15
-0.14
-0.11
-0.1
-0.1
-0.1
-0.12
-0.11
-0.12
-0.1
-0.09
-0.1
-0.08
-0.08
-0.06
-0.05
-0.06
-0.05
-0.05
-0.06
-0.03
-0.04
-0.04
-0.03
-0.01
0.0
-0.06
-0.08
-0.06
-0.05
-0.05
-0.05
-0.06
-0.06
-0.04
-0.03
-0.03
-0.04
-0.03
