-53.2
-51.86
-50.87
-49.78
-47.74
-46.39
-44.97
-42.45
-40.83
-37.99
-36.18
-34.31
-31.11
-29.14
-27.14
-23.77
-21.71
-18.23
-16.11
-13.98
-10.44
-8.29
-6.14
-2.58
-0.45
1.67
5.15
7.22
9.25
12.59
14.55
16.47
19.63
21.47
23.28
26.19
27.87
29.5
32.13
33.64
35.11
37.44
38.77
40.88
42.07
43.22
45.02
46.03
46.99
48.48
49.32
50.1
51.29
51.95
52.55
53.46
53.95
54.38
55.0
55.32
55.58
55.92
56.07
56.17
56.24
56.22
56.16
55.96
55.77
55.39
55.09
54.75
54.1
53.66
53.16
52.26
51.66
51.02
49.63
48.88
48.09
46.68
45.79
44.86
43.24
42.22
41.16
39.34
38.2
37.04
35.03
33.78
32.52
30.35
29.01
26.71
25.31
23.89
21.46
19.99
18.5
15.97
14.45
12.92
10.34
8.79
7.25
4.67
3.12
1.58
-0.95
-2.46
-4.9
-6.36
-7.8
-10.14
-11.53
-12.9
-15.1
-16.39
-17.65
-19.66
-20.83
-21.96
-23.77
-24.81
-25.8
-27.39
-28.29
-29.71
-30.49
-31.24
-32.4
-33.02
-33.58
-34.43
-34.86
-35.47
-35.75
-35.98
-36.27
-36.35
-36.39
-36.36
-36.28
-36.06
-35.88
-35.66
-35.23
-34.92
-34.57
-33.94
-33.5
-33.03
-32.21
-31.65
-31.07
-30.06
-29.41
-28.73
-27.57
-26.83
-25.57
-24.78
-23.97
-22.61
-21.78
-20.95
-19.55
-18.72
-17.89
-16.48
-15.65
-14.8
-13.4
-12.57
-11.73
-10.34
-9.52
-8.15
-7.34
-6.54
-5.2
-4.41
-3.64
-2.36
-1.61
-0.36
0.35
1.06
2.22
2.88
3.52
4.55
5.13
5.69
6.58
7.08
7.58
8.33
8.75
9.17
9.81
10.17
10.52
11.04
11.34
11.62
12.02
12.25
12.45
12.74
12.9
13.11
13.22
13.32
13.43
13.48
13.51
13.52
13.51
13.48
13.39
13.34
13.26
13.09
12.98
12.86
12.62
12.48
12.18
12.01
11.82
11.46
11.25
11.04
10.62
10.37
10.12
9.67
9.4
9.13
8.63
8.35
8.04
7.53
7.21
6.89
6.33
6.0
5.66
5.08
4.74
4.39
3.82
3.48
2.9
2.57
2.23
1.67
1.34
1.02
0.48
0.17
-0.15
-0.68
-1.02
-1.37
-1.99
-2.38
-2.77
-3.41
-3.78
-4.39
-4.72
-5.04
-5.55
-5.83
-6.09
-6.5
-6.71
-6.91
-7.2
-7.34
-7.47
-7.65
-7.72
-7.78
-7.85
-7.85
-7.85
-7.8
-7.74
-7.62
-7.51
-7.39
-7.17
-7.0
-6.82
-6.51
-6.3
-6.08
-5.7
-5.46
-5.21
-4.79
-4.53
-4.28
-3.84
-3.57
-3.31
-2.84
-2.57
-2.29
-1.82
-1.54
-1.06
-0.79
-0.52
-0.07
0.18
0.41
0.75
0.93
1.09
1.3
1.4
1.49
1.59
1.65
1.69
1.74
1.76
1.77
1.78
1.79
1.76
1.75
1.74
1.68
1.65
1.62
1.53
1.5
1.46
1.35
1.3
1.25
1.14
1.09
1.04
0.94
0.88
0.83
0.74
0.67
0.57
0.38
0.24
-0.05
-0.24
-0.47
-0.87
-1.14
-1.42
-1.92
-2.25
-2.57
-3.09
-3.38
-3.66
-4.07
-4.29
-4.49
-4.77
-4.92
-5.1
-5.18
-5.24
-5.27
-5.27
-5.25
-5.15
-5.06
-4.96
-4.73
-4.57
-4.41
-4.08
-3.87
-3.65
-3.24
-2.99
-2.55
-2.27
-1.99
-1.5
-1.9
-3.71
-8.88
-12.45
-15.92
-21.39
-24.48
-27.43
-32.25
-35.08
-37.75
-41.65
-43.73
-46.57
-47.91
-49.03
-50.63
-51.43
-52.09
-52.76
-52.93
-52.87
-52.54
-52.06
-51.03
-50.31
-49.51
-48.0
