-46.93
-45.78
-43.6
-42.13
-40.59
-37.92
-36.27
-34.59
-31.62
-29.78
-26.53
-24.51
-22.47
-19.05
-17.03
-15.01
-11.63
-9.59
-6.13
-4.06
-2.01
1.37
3.36
5.33
8.57
10.5
12.42
15.57
17.42
19.22
22.13
23.83
25.5
28.21
29.78
31.3
33.71
35.11
37.33
38.59
39.82
41.76
42.85
43.89
45.52
46.42
47.29
48.62
49.36
50.05
51.1
51.66
52.19
52.96
53.36
53.72
54.21
54.46
54.65
54.87
54.94
54.97
54.89
54.79
54.64
54.3
54.03
53.73
53.12
52.7
51.91
51.38
50.81
49.76
49.09
48.38
47.12
46.31
45.46
43.97
43.04
42.07
40.38
39.32
38.23
36.35
35.17
33.98
31.92
30.66
29.37
27.14
25.79
24.41
22.05
20.63
18.2
16.73
15.25
12.74
11.23
9.72
7.18
5.66
4.13
1.6
0.08
-1.43
-3.89
-5.37
-6.84
-9.25
-10.7
-13.04
-14.42
-15.77
-17.94
-19.21
-20.44
-22.39
-23.52
-25.3
-26.32
-27.3
-28.82
-29.68
-30.49
-31.71
-32.39
-33.01
-33.92
-34.39
-34.81
-35.4
-35.67
-35.87
-36.14
-36.21
-36.24
-36.2
-36.11
-35.9
-35.72
-35.51
-35.07
-34.77
-34.18
-33.79
-33.38
-32.58
-32.07
-31.53
-30.54
-29.91
-29.25
-28.09
-27.36
-26.6
-25.3
-24.47
-23.64
-22.23
-21.35
-19.89
-18.99
-18.09
-16.58
-15.68
-14.79
-13.28
-12.38
-10.89
-10.01
-9.14
-7.69
-6.84
-5.99
-4.6
-3.77
-2.96
-1.64
-0.86
-0.09
1.13
1.86
2.56
3.67
4.32
4.94
5.92
6.48
7.02
7.86
8.34
8.78
9.51
9.89
10.5
10.83
11.14
11.62
11.87
12.1
12.45
12.63
12.8
13.02
13.14
13.24
13.35
13.41
13.44
13.45
13.44
13.37
13.31
13.23
13.06
12.94
12.8
12.54
12.36
12.17
11.84
11.61
11.39
11.0
10.75
10.49
10.05
9.78
9.32
9.02
8.73
8.23
7.92
7.62
7.09
6.78
6.48
5.94
5.64
5.33
4.81
4.5
4.19
3.68
3.38
3.07
2.58
2.28
1.98
1.51
1.21
0.93
0.48
0.19
-0.26
-0.56
-0.87
-1.4
-1.76
-2.13
-2.75
-3.14
-3.5
-4.08
-4.41
-4.71
-5.2
-5.46
-5.71
-6.1
-6.31
-6.63
-6.79
-6.93
-7.15
-7.25
-7.33
-7.45
-7.5
-7.52
-7.53
-7.51
-7.47
-7.39
-7.31
-7.22
-7.04
-6.9
-6.75
-6.48
-6.29
-6.09
-5.75
-5.51
-5.27
-4.87
-4.6
-4.16
-3.87
-3.58
-3.1
-2.8
-2.5
-2.01
-1.7
-1.39
-0.89
-0.59
-0.3
0.16
0.43
0.66
1.02
1.21
1.47
1.6
1.7
1.86
1.91
1.95
2.02
2.03
2.02
2.03
2.0
1.98
1.95
1.91
1.87
1.81
1.76
1.71
1.63
1.59
1.55
1.47
1.44
1.41
1.35
1.33
1.28
1.26
1.25
1.22
1.21
1.21
1.2
1.2
1.19
1.21
1.21
1.21
1.25
1.25
1.26
1.31
1.32
1.35
1.4
1.43
1.46
1.51
1.56
1.6
1.65
1.71
1.77
1.82
1.87
1.94
1.98
2.02
2.09
2.13
2.16
2.24
2.28
2.31
2.39
2.42
2.47
2.53
2.58
2.63
2.68
2.72
2.77
2.82
2.85
2.88
2.92
2.93
1.83
2.96
2.97
2.98
2.97
2.97
2.97
2.93
2.91
2.86
2.84
2.8
2.73
2.68
2.62
2.53
2.47
2.42
2.35
2.24
2.2
2.35
2.53
2.72
3.07
3.4
3.85
4.05
4.27
4.54
4.54
4.47
4.48
4.46
4.37
4.23
4.23
4.23
4.49
4.65
4.75
4.66
4.6
4.46
4.36
4.33
4.4
4.52
4.45
4.36
3.93
3.6
3.12
2.78
2.3
1.7
1.51
1.46
1.62
1.64
1.42
0.66
0.15
-0.42
-1.07
-1.11
-0.92
-0.35
0.04
0.35
0.4
0.29
0.32
0.42
