-0.47
-0.37
-0.38
-0.32
-0.3
-0.03
-0.04
-0.06
-0.08
-0.06
-0.06
-0.08
-0.09
-0.09
-0.08
-0.08
-0.1
-0.09
-0.11
-0.13
-0.09
-0.08
-0.06
-0.06
-0.04
-0.03
-0.04
-0.04
-0.06
-0.06
-0.04
-0.01
0.09
0.19
0.48
0.75
0.96
0.77
0.04
-0.62
-2.28
-3.13
-4.49
-5.38
-7.25
-8.66
-11.56
-13.56
-17.0
-19.01
-21.97
-23.42
-25.12
-25.88
-27.56
-29.0
-31.31
-32.73
-35.4
-37.16
-40.21
-42.12
-45.21
-46.88
-49.41
-50.77
-52.7
-53.6
-54.78
-55.19
-55.73
-55.9
-56.21
-56.48
-57.07
-57.55
-58.56
-59.07
-59.89
-60.38
-60.97
-61.28
-61.76
-61.86
-61.95
-61.94
-61.77
-61.59
-61.12
-60.7
-59.78
-59.15
-58.04
-57.28
-55.89
-54.98
-53.36
-52.33
-50.57
-49.51
-47.71
-46.59
-44.76
-43.63
-41.79
-40.71
-38.97
-37.93
-36.24
-35.24
-33.62
-32.08
-31.16
-29.68
-28.8
-27.46
-26.63
-25.35
-24.6
-23.44
-22.73
-21.59
-20.94
-19.85
-19.23
-18.19
-17.6
-16.6
-16.03
-15.05
-14.5
-13.56
-13.01
-12.12
-11.56
-10.68
-10.15
-9.3
-8.79
-7.96
-7.47
-6.67
-6.21
-5.43
-4.99
-4.25
-3.83
-3.12
-2.72
-2.06
-1.68
-1.05
-0.69
-0.09
0.26
0.82
1.16
1.69
2.01
2.52
2.82
3.29
3.57
4.02
4.29
4.72
4.98
5.4
5.65
6.05
6.28
6.68
6.9
7.26
7.47
7.9
8.1
8.42
8.6
8.9
9.07
9.33
9.48
9.71
9.84
10.05
10.17
10.35
10.46
10.63
10.74
10.89
10.98
11.14
11.22
11.38
11.45
11.61
11.68
11.83
11.9
12.03
12.11
12.24
12.32
12.45
12.52
12.65
12.72
12.84
12.92
13.03
13.11
13.22
13.29
13.4
13.47
13.56
13.62
13.71
13.75
13.83
13.86
13.92
13.96
14.02
14.04
14.09
14.1
14.13
14.14
14.16
14.17
14.18
14.18
14.18
14.17
14.16
14.14
14.12
14.09
14.06
14.03
13.99
13.95
13.9
13.86
13.8
13.75
13.68
13.64
13.56
13.51
13.44
13.39
13.3
13.24
13.15
13.09
12.99
12.93
12.82
12.76
12.65
12.58
12.47
12.4
12.28
12.22
12.1
12.03
11.91
11.85
11.73
11.66
11.54
11.48
11.35
11.29
11.17
11.1
10.97
10.91
10.78
10.7
10.57
10.49
10.35
10.27
10.12
10.04
9.9
9.81
9.68
9.59
9.46
9.38
9.25
9.17
9.04
8.97
8.84
8.77
8.66
8.59
8.48
8.42
8.31
8.27
8.17
8.12
8.04
7.96
7.93
7.86
7.83
7.79
7.76
7.73
7.71
7.69
7.67
7.65
7.64
7.63
7.61
7.6
7.58
7.56
7.54
7.53
7.51
7.49
7.47
7.45
7.44
7.4
7.38
7.34
7.31
7.27
7.25
7.2
7.17
7.11
7.08
7.02
6.97
6.9
6.85
6.76
6.71
6.61
6.55
6.45
6.39
6.28
6.22
6.11
6.04
5.93
5.85
5.73
5.66
5.53
5.45
5.33
5.26
5.13
5.06
4.94
4.86
4.74
4.66
4.54
4.47
4.35
4.29
4.17
4.11
4.0
3.94
3.83
3.78
3.67
3.62
3.53
3.47
3.4
3.34
3.27
3.22
3.16
3.12
3.07
3.03
2.99
2.96
2.92
2.91
2.86
2.86
2.82
2.81
2.79
2.78
2.75
2.74
2.71
2.69
2.65
2.62
2.58
2.54
2.49
2.44
2.37
2.32
2.25
2.19
2.11
2.05
1.96
1.9
1.8
1.74
1.63
1.57
1.45
1.39
1.25
1.18
1.04
0.97
0.83
0.76
0.63
0.55
0.44
0.37
0.26
0.19
0.09
0.03
-0.06
-0.1
-0.18
-0.22
-0.28
-0.31
-0.36
-0.41
-0.41
-0.44
-0.44
-0.45
-0.46
-0.45
-0.45
-0.45
-0.44
-0.43
-0.41
-0.38
-0.36
-0.33
-0.31
-0.27
-0.26
-0.22
-0.21
-0.18
-0.15
-0.13
-0.11
-0.1
-0.08
-0.08
-0.08
-0.08
-0.09
-0.1
-0.12
-0.1
-0.09
-0.08
-0.06
-0.07
-0.05
-0.07
-0.07
-0.09
-0.11
-0.14
-0.17
-0.2
-0.24
-0.28
-0.33
-0.39
-0.43
-0.51
-0.56
-0.65
-0.7
-0.8
-0.85
-0.95
-1.0
-1.1
-1.16
-1.24
-1.2
-0.89
-0.59
0.17
0.74
1.67
1.95
1.66
1.47
0.93
0.63
0.19
-0.12
-0.09
0.04
0.0
-0.0
0.23
0.52
1.07
1.33
1.54
1.65
1.99
2.25
2.72
2.87
2.98
2.99
3.02
3.21
3.44
3.47
