-1.97
-1.99
-1.98
-1.90
-1.83
-1.75
-1.69
-1.57
-1.52
-1.46
-1.38
-1.20
-1.03
-0.83
-0.59
-0.25
-0.11
-0.06
-0.10
-0.36
-0.58
-0.80
-1.01
-1.27
-1.34
-1.34
-1.29
-1.15
-1.08
-1.04
-1.00
-0.96
-0.93
-0.90
-0.84
-0.71
-0.63
-0.56
-0.53
-0.61
-0.72
-0.85
-0.97
-1.13
-1.18
-1.18
-1.13
-0.94
-0.83
-0.76
-0.73
-0.77
-0.84
-0.92
-1.01
-1.15
-1.19
-1.20
-1.18
-1.17
-1.20
-1.24
-1.28
-1.36
-1.39
-1.42
-1.44
-1.43
-1.39
-1.34
-1.33
-1.42
-1.49
-1.55
-1.62
-1.66
-1.69
-1.71
-1.72
-1.71
-1.71
-1.70
-1.73
-1.77
-1.81
-1.83
-1.83
-1.82
-1.80
-1.78
-1.77
-1.80
-1.85
-1.96
-2.19
-2.30
-2.39
-2.43
-2.41
-2.36
-2.28
-2.20
-2.13
-2.13
-2.17
-2.22
-2.27
-2.29
-2.29
-2.29
-2.26
-2.23
-2.19
-2.15
-2.13
-2.13
-2.15
-2.18
-2.20
-2.20
-2.20
-2.18
-2.11
-2.06
-2.04
-2.06
-2.14
-2.17
-2.16
-2.13
-2.07
-2.08
-2.13
-2.20
-2.36
-2.46
-2.55
-2.62
-2.66
-2.64
-2.60
-2.59
-2.60
-2.62
-2.67
-2.70
-2.78
-3.01
-3.19
-3.41
-3.67
-4.18
-4.43
-4.60
-4.67
-4.65
-4.58
-4.50
-4.43
-4.41
-4.44
-4.51
-4.58
-4.69
-4.80
-4.90
-4.96
-4.96
-4.89
-4.74
-4.53
-4.11
-3.88
-3.67
-3.53
-3.51
-3.63
-3.78
-3.94
-4.37
-4.66
-4.93
-5.17
-5.54
-5.67
-5.67
-5.56
-5.23
-5.03
-4.84
-4.72
-4.65
-4.69
-4.79
-4.88
-4.87
-4.77
-4.60
-4.43
-4.20
-4.16
-4.21
-4.36
-4.74
-4.99
-5.19
-5.28
-5.24
-5.11
-4.93
-4.74
-4.49
-4.40
-4.34
-4.29
-4.23
-4.24
-4.26
-4.28
-4.35
-4.44
-4.56
-4.78
-4.93
-5.10
-5.24
-5.37
-5.36
-5.30
-5.21
-5.10
-5.12
-5.16
-5.16
-5.12
-5.12
-5.15
-5.19
-5.23
-5.20
-5.13
-5.00
-4.68
-4.46
-4.28
-4.16
-4.04
-4.02
-4.01
-4.03
-4.16
-4.23
-4.24
-4.07
-3.31
-2.67
-1.94
-1.16
0.16
0.86
1.25
1.32
0.89
0.53
0.13
-0.28
-0.89
-1.14
-1.27
-1.34
-1.40
-1.42
-1.44
-1.46
-1.61
-1.77
-1.97
-2.17
-2.41
-2.49
-2.59
-2.69
-2.90
-3.04
-3.16
-3.29
-3.53
-3.64
-3.71
-3.79
-3.92
-3.98
-4.08
-4.23
-4.51
-4.65
-4.79
-4.92
-5.14
-5.26
-5.35
-5.42
-5.58
-5.77
-6.06
-6.40
-6.86
-7.13
-7.43
-7.74
-8.24
-8.53
-8.81
-9.08
-9.56
-9.85
-10.14
-10.42
-10.87
-11.16
-11.44
-11.72
-12.19
-12.46
-12.74
-13.03
-13.48
-13.75
-14.00
-14.26
-14.67
-14.89
-15.10
-15.29
-15.57
-15.72
-15.86
-16.00
-16.23
-16.37
-16.51
-16.65
-16.86
-16.99
-17.10
-17.22
-17.42
-17.53
-17.63
-17.75
-17.92
-18.00
-18.09
-18.17
-18.29
-18.35
-18.42
-18.48
-17.68
-17.03
-16.42
-15.50
-14.96
-14.34
-13.72
-12.73
-12.15
-11.57
-10.97
-9.95
-9.31
-8.71
-8.11
-7.07
-6.45
-5.82
-5.19
-4.16
-3.53
-2.91
-2.28
-1.24
-0.61
0.01
0.64
1.68
2.29
2.92
3.54
4.57
5.19
5.81
6.42
7.45
8.06
8.67
9.28
10.28
10.88
11.48
12.08
13.06
13.64
14.21
14.78
15.72
16.27
16.81
17.35
18.22
18.73
19.24
19.74
20.55
21.02
21.49
21.93
22.67
23.09
23.51
23.91
24.56
24.94
25.31
25.66
26.24
26.57
26.89
27.20
27.70
28.00
28.28
28.55
28.98
29.22
29.45
29.84
30.06
30.26
30.45
30.76
30.92
31.08
31.23
31.46
31.59
31.69
31.80
31.94
32.01
32.07
32.11
32.15
32.15
32.14
32.12
32.05
32.00
31.93
31.84
31.67
31.56
31.43
31.29
31.03
30.85
30.66
30.46
30.11
29.87
29.63
29.37
28.91
28.63
28.33
28.02
27.46
27.12
26.77
26.41
25.77
25.36
24.96
24.55
23.84
23.40
22.95
22.50
21.72
21.24
20.75
20.26
19.40
18.86
18.33
17.79
16.86
16.29
15.72
15.14
14.14
13.52
12.90
12.27
11.20
10.55
9.89
9.22
8.09
7.40
6.71
6.02
4.84
4.12
3.40
45.22
1.43
0.69
-0.06
-0.83
-2.11
-2.88
-3.67
-4.45
-5.77
-6.57
-7.36
-8.16
-9.51
-10.32
-11.13
-11.93
-13.27
-14.09
-14.91
-15.70
-17.01
-17.79
-18.57
-19.36
-20.64
-21.40
-22.17
-22.93
-24.19
-24.92
-25.63
-26.34
-27.47
-28.14
-28.79
-29.43
-30.46
-31.04
-31.63
-32.20
-33.13
-33.67
-34.19
-34.68
-35.48
-35.94
-36.41
-36.87
-37.58
-37.99
-38.38
-38.74
-39.33
-39.67
-39.98
-40.28
-40.73
-41.01
-41.27
-41.52
-41.92
-42.12
-42.32
-42.50
-42.80
-42.95
-43.09
-43.20
-43.37
-43.47
-43.56
-43.64
-43.72
-43.77
-43.80
-43.81
-43.82
-43.82
-43.80
-43.79
-43.77
-43.75
-43.74
-43.74
-43.74
-43.74
-43.72
-43.72
-43.76
-43.77
-43.79
-43.81
-43.82
-43.83
-43.83
-43.83
-43.83
-43.83
-43.85
-43.86
-43.86
-43.85
-43.84
-43.84
-43.86
-43.88
-43.90
-43.92
-43.92
-43.92
-43.92
-43.92
-43.93
-43.92
-43.93
-43.94
-43.94
-43.95
-43.95
-43.93
-43.94
-43.95
-43.95
-43.96
-43.96
-43.96
-43.97
-43.96
-43.95
-43.95
-43.96
-43.97
-43.98
-43.98
-43.98
-43.97
-43.96
-43.94
-43.96
-43.96
-43.96
-43.96
-43.96
-43.95
-43.97
-43.96
-43.96
-43.97
-43.96
-43.98
-43.98
-43.97
-43.97
-43.96
-43.97
-43.96
-43.96
-43.96
-43.96
-43.96
-43.97
-43.98
-43.97
-43.96
-43.96
-43.97
-43.98
-43.98
-43.97
-43.96
-43.97
-43.96
-43.97
-43.96
-43.96
-43.98
-43.98
-43.98
-43.99
-43.98
-43.99
-43.97
-43.98
-43.98
-43.97
-43.99
-43.99
-43.99
-44.00
-43.99
-43.97
-43.97
-43.98
-43.98
-43.99
-43.98
-44.00
-43.99
-43.98
-43.98
-43.98
-43.97
-43.99
-44.00
-44.00
-44.00
-44.00
-43.98
-43.99
-43.99
-43.98
-43.99
-44.00
-44.00
-44.01
-44.00
-44.01
-43.99
-43.99
-43.99
-43.99
-44.01
-44.02
-44.01
-44.02
-44.01
-44.00
-44.01
-44.00
-44.02
-44.02
-44.02
-44.02
-44.02
-44.01
-44.02
-44.02
-44.03
-44.03
-44.02
-44.03
-44.02
-44.03
-44.04
-44.03
-44.04
-44.04
-44.03
-44.03
-44.03
-44.03
-44.04
-44.04
-44.04
-44.03
-44.03
-44.03
-44.04
-44.05
-44.04
-44.04
-44.03
-44.04
-44.04
-44.05
-44.04
-44.03
-44.03
-44.03
-44.04
-44.05
-44.04
-44.05
-44.05
-44.05
-44.06
-44.06
-44.05
-44.04
-44.04
-44.03
-44.04
-44.05
-44.04
-44.03
-44.03
-44.04
-44.05
-44.05
-44.05
-44.03
-44.03
-44.03
-44.03
-44.03
-44.03
-44.03
-44.03
-44.03
122.71
-44.03
-44.03
-44.02
-44.02
-44.01
-44.03
-44.04
-44.03
-44.02
-44.01
-44.02
-44.03
-44.03
-44.03
-44.02
-44.03
-44.01
-44.02
-44.03
-44.03
-44.02
-44.01
-44.01
-44.01
-44.01
-44.01
-44.01
-44.01
-44.01
-44.01
-44.01
-44.01
-44.00
-44.00
-44.00
-43.99
-43.99
-44.00
-44.00
-44.00
-43.99
-43.99
-43.99
-44.00
-44.00
-44.01
-44.01
-43.99
-43.99
-44.00
-44.00
-43.99
-44.01
-44.00
-44.01
-44.01
-44.01
-44.01
-44.01
-44.01
-44.01
-44.01
-44.02
-44.01
-44.03
-44.02
-44.03
-44.03
-44.04
-44.04
-44.04
-44.03
-44.04
-44.05
-44.04
-44.03
-44.04
-44.02
-44.02
-44.05
-43.94
-43.88
-43.82
-43.74
-43.65
-43.59
-43.54
-43.48
-43.39
-43.33
-43.28
-43.23
-43.15
-43.11
-43.07
-43.01
-42.95
-42.89
-42.86
-42.83
-42.76
-42.72
-42.68
-42.64
-42.57
-42.55
-42.51
-42.46
-42.41
-42.37
-42.34
-42.32
-42.27
-42.23
-42.20
-42.18
-42.13
-42.11
-42.09
-42.06
-42.02
-41.99
-41.98
-41.96
-41.92
-41.90
-41.87
-41.84
-41.81
-41.81
-41.78
-41.76
-41.74
-41.71
-41.70
-41.69
-41.67
-41.66
-41.64
-41.62
-41.59
-41.57
-41.57
-41.57
-41.54
-41.53
-41.51
-41.50
-41.48
-41.48
-41.48
-41.46
-41.45
-41.42
-41.41
-41.41
-41.38
-41.38
-41.38
-41.36
-41.35
-41.34
-41.33
-41.32
-41.30
-41.30
-41.29
-41.28
-41.27
-41.26
-41.26
-41.26
-41.24
-41.23
-41.21
-41.19
-41.19
-41.18
-41.18
-41.18
-41.17
-41.16
-41.15
-41.15
-41.13
-41.13
-41.13
-41.12
-41.11
-41.10
-41.09
-41.09
-41.09
-41.10
-41.09
-41.07
-41.07
-41.05
-41.05
-41.05
-41.04
-41.03
-41.03
-41.02
-41.02
-41.03
-41.03
-41.03
-41.03
-41.02
-41.01
-41.01
-41.00
-41.01
-41.01
-40.99
-40.99
-40.99
-41.00
-41.01
-41.01
-41.00
-40.99
-40.98
-40.98
-40.98
-40.98
-40.97
-40.96
-40.95
-40.96
-40.96
-40.97
-40.96
-40.95
-40.96
-40.95
-40.95
-40.95
-40.93
-40.92
-40.93
-40.93
-40.93
-40.93
-40.91
-40.91
-40.92
-40.91
-40.91
-40.90
-40.90
-40.89
-40.90
-40.90
-40.89
-40.89
-40.89
-40.89
-40.90
-40.91
-40.90
-40.90
-40.91
-40.92
-40.92
-40.91
-40.91
-40.90
-40.90
-40.91
-40.91
-40.90
-40.92
-40.91
-40.91
-40.91
-40.91
-40.91
-40.92
-40.91
-40.91
-40.91
-40.92
-40.92
-40.92
-40.92
-40.92
-40.92
-40.91
-40.92
-40.92
-40.92
-40.92
-40.91
-40.92
-40.93
-40.94
-40.93
-40.93
-40.92
-40.92
-40.93
-40.94
-40.94
-40.94
-40.94
-40.95
-40.95
-40.96
-40.95
-40.95
-40.95
-40.95
-40.95
-40.95
-40.95
-40.95
-40.95
-40.95
-40.95
-40.96
-40.96
-40.97
-40.96
-40.97
-40.97
-40.99
-40.99
-40.99
-40.98
-40.98
-40.99
-41.00
-41.00
-41.01
-41.01
-41.01
-41.01
-41.02
-41.02
-41.02
-41.02
-41.01
-41.01
-41.02
-41.02
-41.03
-41.02
-41.02
-41.01
-41.02
-41.03
-41.04
-41.03
-41.03
-41.01
-41.01
-41.02
-41.03
-41.02
-41.03
-41.02
-41.03
-41.03
-41.03
-41.02
-41.02
-41.02
-41.02
-41.02
-41.02
-41.01
-41.01
-41.01
-41.01
-41.01
-41.01
-41.01
-41.00
-41.00
-41.00
-40.99
-41.00
-40.99
-40.98
-40.99
-41.01
-41.00
-41.01
-41.00
-40.98
-40.98
-40.99
-40.98
-40.98
-40.98
-40.97
-40.98
-40.98
-40.97
-40.97
-40.97
-40.96
-40.97
-40.98
-40.96
-40.95
-40.95
-40.94
-40.95
-40.96
-40.96
-40.95
-40.95
-40.95
-40.96
-40.96
-40.97
-40.95
-40.95
-40.96
-40.96
-40.96
-40.97
-40.96
-40.97
-40.96
-40.95
-40.95
-40.95
-40.95
-40.95
-40.95
-40.95
-40.95
-40.89
-40.46
-39.47
-36.66
-34.79
-32.95
-29.85
-27.96
-25.99
-22.57
-20.49
-18.42
-15.08
-13.12
-11.06
-7.59
-5.52
-3.46
-0.10
1.94
4.01
7.46
9.50
11.53
14.89
16.93
18.96
22.32
24.31
26.29
29.55
31.50
33.44
36.63
38.54
40.41
43.49
45.32
47.13
50.11
51.86
53.59
56.42
58.08
59.72
62.39
63.95
65.48
67.94
69.12
69.83
69.82
69.18
68.18
66.20
64.91
63.59
61.33
59.95
58.54
56.13
54.65
53.13
50.58
49.03
47.47
44.80
43.16
41.49
38.67
36.97
35.25
32.37
30.61
28.83
25.84
24.03
22.22
19.18
17.35
15.51
12.41
10.53
8.65
5.53
3.65
1.75
-1.45
-3.37
-5.29
-8.52
-10.48
-12.44
-15.72
-17.70
-19.69
-23.02
-25.01
-27.01
-30.34
-32.34
-34.31
-37.60
-39.55
-41.51
-44.78
-46.74
-48.71
-51.98
-53.93
-55.92
-59.21
-61.18
-63.16
-66.49
-68.48
-70.49
-73.82
-75.82
-77.80
-81.11
-83.08
-85.03
-88.06
-91.21
-92.60
-95.69
-97.57
-99.44
-102.55
-104.39
-106.20
-109.17
-110.91
-112.63
-115.41
-117.06
-118.66
-121.24
-122.74
-124.18
-126.33
-127.08
-127.49
-127.76
-127.79
-127.81
-127.90
-127.98
-128.02
-127.86
-127.66
-127.43
-126.99
-126.66
-126.24
-125.38
-124.84
-124.28
-123.13
-122.37
-121.59
-120.18
-119.25
-118.25
-116.55
-115.45
-114.29
-112.27
-111.02
-109.72
-107.43
-106.01
47.03
-102.09
-100.56
-99.03
-96.52
-95.11
-93.78
-91.83
-91.24
-88.19
-86.14
-84.77
-83.37
-80.95
-79.48
-77.99
-75.46
-73.91
-72.36
-69.75
-68.20
-66.62
-63.99
-62.41
-60.85
-58.24
-56.68
-55.11
-52.53
-50.97
-49.43
-46.88
-45.31
-43.75
-41.20
-39.65
-38.09
-35.49
-33.91
-32.31
-29.67
-28.09
-26.49
-23.80
-22.17
-20.55
-17.83
-16.20
-14.56
-11.82
-10.16
-8.51
-5.75
-4.11
-2.45
0.31
1.96
3.60
6.36
8.00
9.64
12.37
14.01
15.63
18.33
19.94
21.55
24.20
25.78
27.35
29.94
31.48
33.01
35.52
37.00
38.48
40.90
42.33
43.75
46.08
47.45
48.80
51.02
52.32
53.60
55.68
56.90
58.09
60.02
61.14
62.23
64.00
65.03
66.02
67.61
68.52
69.41
70.83
71.63
72.39
73.60
74.27
74.90
75.87
76.41
76.91
77.65
78.03
78.39
78.89
79.12
79.32
79.57
79.68
79.73
79.73
79.68
79.51
79.36
79.16
78.74
78.46
78.11
77.47
77.04
76.58
75.71
75.14
74.55
73.48
72.78
72.06
70.76
69.95
69.09
67.60
66.67
65.70
64.02
62.97
61.90
60.04
58.88
57.69
55.65
54.39
53.10
50.92
49.57
48.22
45.89
44.47
43.03
40.59
39.11
37.60
35.06
33.51
31.95
29.31
27.71
26.09
23.38
21.73
20.08
17.30
15.61
13.91
11.07
9.34
7.60
4.68
2.93
1.16
-1.82
-3.62
-5.42
-8.44
-10.26
-12.10
-15.16
-17.01
-18.86
-21.95
-23.82
-25.70
-28.81
-30.66
-32.51
-35.60
-37.45
-39.29
-42.37
-44.19
-46.04
-49.09
-50.92
-53.97
-55.81
-57.67
-60.74
-62.59
-64.46
-67.57
-69.44
-71.32
-74.45
-76.33
-78.20
-81.32
-83.18
-85.01
-87.91
-91.17
-92.30
-95.16
-96.94
-98.73
-101.67
-103.41
-105.13
-107.97
-109.64
-111.27
-113.95
-115.51
-117.05
-119.54
-120.99
-122.40
-124.66
-125.96
-127.23
-129.23
-130.37
-131.45
-133.16
-134.12
-135.04
-136.43
-137.19
-137.90
-138.96
-139.52
-140.02
-140.71
-141.03
-141.30
-141.59
-141.70
-141.73
-141.64
-141.48
-141.28
-140.80
-140.43
-139.66
-139.13
-138.51
-137.37
-136.60
-135.78
-134.26
-133.28
-132.21
-130.34
-129.13
-127.87
-125.64
-124.23
-122.75
-120.17
-118.55
-116.89
-114.01
-112.22
-110.39
-107.24
-105.28
-103.30
-99.92
-97.86
-95.79
-92.39
-88.75
-87.27
-83.66
-81.39
-79.07
-75.17
-72.80
-70.40
-66.41
-64.00
-61.59
-57.58
-55.17
-52.76
-48.76
-46.34
-43.90
-39.88
-37.44
-34.98
-30.86
-28.39
-25.91
-21.75
-19.25
-16.73
-12.52
-9.99
-7.45
-3.22
-0.68
1.85
6.06
8.59
11.11
15.30
17.81
20.30
24.45
26.92
29.39
33.46
35.87
38.27
42.23
44.59
46.92
50.76
53.03
55.27
58.96
61.15
63.29
66.79
68.84
70.86
74.15
76.06
77.93
80.95
82.69
84.39
87.03
88.39
91.17
93.00
94.33
95.64
97.72
98.90
100.03
101.76
102.72
103.62
104.98
105.72
106.38
107.33
107.81
108.22
108.74
108.96
109.11
109.20
109.16
109.06
108.73
108.43
108.06
107.28
106.72
106.09
104.88
104.06
103.17
101.53
100.46
99.33
97.29
96.00
94.66
92.37
91.27
88.38
85.91
84.21
82.41
79.28
77.34
75.35
71.91
69.79
67.63
63.94
61.66
59.36
55.45
53.06
50.64
46.53
44.04
41.52
37.28
34.70
32.11
27.75
25.11
22.45
18.00
15.32
12.63
8.14
5.43
2.70
-1.87
-4.60
-7.35
-11.96
-14.74
-17.54
-22.19
-25.00
-27.82
-32.52
-35.35
-38.16
-42.84
-45.65
-48.48
-53.17
-55.99
-58.81
-63.59
-66.47
-69.36
-74.21
-77.11
-80.00
-84.81
-87.57
-91.44
-95.80
-98.67
-101.55
-106.36
-109.21
-112.06
-116.76
-119.54
-122.30
-126.83
-129.51
-132.14
-136.43
-138.92
-141.38
-145.33
-147.64
-149.89
-153.47
-155.53
-157.51
-160.67
-162.47
-164.18
-166.85
-168.33
-169.72
-171.88
-173.07
-174.16
-175.76
-176.61
-177.38
-178.42
-178.92
-179.33
-179.80
-179.96
179.99
-179.91
-179.73
-179.47
-178.99
-178.73
-178.54
-178.29
-178.12
-177.89
-177.29
-176.81
-176.23
-175.00
-174.16
-173.22
-171.43
-170.22
-168.94
-166.59
-165.07
-163.45
-160.57
-158.73
-156.82
-153.44
-151.30
-149.10
-145.28
-142.90
-140.42
-136.18
-133.55
-130.86
-126.24
-123.40
-120.50
-115.55
-112.54
-109.47
-104.25
-101.07
-97.86
-92.61
-88.36
-85.42
-79.85
-76.45
-73.00
-67.22
-63.74
-60.27
-54.51
-51.05
-47.57
-41.73
-38.23
-34.70
-28.77
-25.22
-21.67
-15.70
-12.12
-8.51
-2.48
1.13
4.74
10.74
14.33
17.92
23.90
27.47
31.03
36.93
40.45
43.96
49.73
53.17
56.57
62.19
65.49
68.78
74.18
77.35
80.48
85.53
88.27
91.94
96.46
99.21
101.90
106.26
108.77
111.21
115.11
117.34
119.51
122.90
124.83
126.67
129.57
131.19
132.73
135.10
136.40
137.61
139.43
140.39
141.27
142.52
143.15
143.67
144.33
144.61
144.79
144.88
144.80
144.62
144.11
143.68
143.16
142.08
141.31
140.44
138.80
137.70
136.52
134.34
132.92
131.42
128.72
127.00
125.20
122.03
120.02
117.93
114.29
112.02
109.69
105.64
103.13
100.55
96.14
93.47
91.28
85.43
82.53
79.55
74.44
71.31
68.14
62.75
59.47
56.16
50.58
47.20
43.80
38.06
34.59
31.11
25.26
21.74
15.84
12.30
8.74
2.78
-0.82
-4.44
-10.48
-14.14
-17.80
-23.94
-27.65
-31.37
-37.58
-41.30
-45.02
-51.22
-54.95
-58.68
-64.93
-68.73
-72.52
-78.83
-82.63
-86.36
-93.21
-96.90
-100.70
-107.06
-110.85
-114.62
-120.88
-124.61
-128.30
-134.34
-137.90
-141.42
-147.15
-150.52
-153.82
-159.17
-162.29
-165.31
-170.17
-172.97
-175.68
-179.98
177.56
175.19
171.47
169.37
167.38
164.22
162.37
160.47
157.16
155.05
152.82
148.91
146.41
143.81
139.29
136.45
133.53
128.47
125.31
122.07
116.49
113.03
109.50
103.44
99.73
95.97
88.67
85.24
81.28
74.48
70.34
66.15
59.09
54.81
50.49
43.22
38.82
34.41
27.02
22.56
18.08
10.58
6.06
1.54
-6.03
-10.60
-15.20
-22.88
-27.48
-32.12
-39.84
-44.47
-49.11
-56.92
-61.66
-66.38
-74.28
-79.06
-83.83
-92.26
-96.84
-101.60
-109.57
-114.33
-119.06
-126.88
-131.54
-136.16
-143.71
-148.19
-152.59
-159.78
-163.98
-168.09
-174.78
-178.67
177.55
171.45
167.93
164.50
158.96
155.72
152.47
146.90
143.45
139.90
133.78
129.97
126.05
119.34
115.20
110.98
103.81
99.41
95.00
87.07
82.58
77.96
70.11
65.36
60.56
52.48
47.59
42.68
34.43
29.46
24.46
16.10
11.07
6.01
-2.42
-7.52
-12.64
-21.17
-26.31
-31.47
-38.88
-40.69
-41.43
-42.37
-42.71
-42.66
-42.10
-41.61
-41.09
-40.11
-39.72
-39.43
-39.61
-39.96
-40.28
-40.19
-39.88
-39.50
-38.44
-37.47
-36.23
-34.08
-32.94
-32.01
-30.92
-30.65
-30.58
-30.55
-30.56
-30.65
-30.95
-31.03
-31.02
-30.99
-31.02
-31.04
-31.05
-31.07
-31.11
-31.12
-31.13
-31.23
-31.27
-31.31
-31.38
-31.43
-31.46
-31.56
-31.64
-31.71
-31.79
-31.85
-31.91
-32.02
-32.10
-32.18
-32.30
-32.38
-32.47
-32.62
-32.70
-32.78
-32.93
-33.01
-33.11
-33.28
-33.39
-33.49
-33.67
-33.77
-33.89
-34.07
-34.19
-34.32
-34.53
-34.65
-34.77
-35.00
-35.15
-35.29
-35.54
-35.71
-35.86
-36.11
-36.28
-36.45
-36.73
-36.93
-37.12
-37.43
-37.61
-37.81
-38.14
-38.34
-38.56
-38.92
-39.15
-39.53
-39.77
-40.00
-40.42
-40.69
-40.96
-41.40
-41.68
-41.96
-42.45
-42.75
-43.06
-43.58
-43.90
-44.22
-44.76
-45.08
-45.42
-45.96
-46.29
-46.62
-47.19
-47.54
-47.90
-48.48
-48.84
-49.18
-49.77
-50.14
-50.51
-51.12
-51.49
-51.85
-52.46
-52.83
-53.22
-53.84
-54.22
-54.59
-55.20
-55.57
-55.94
-56.55
-56.94
-57.32
-57.94
-58.31
-58.68
-59.30
-59.68
-60.08
-60.70
-61.08
-61.45
-62.07
-62.43
-62.80
-63.42
-63.80
-64.16
-64.75
-65.10
-65.47
-66.07
-66.43
-66.80
-67.39
-67.73
-68.07
-68.64
-68.99
-5.48
-69.90
-70.24
-70.58
-71.20
-71.61
-72.05
-72.80
-73.25
-73.69
-74.39
-74.78
-75.17
-75.80
-76.17
-76.53
-77.10
-77.44
-77.76
-78.27
-78.55
-78.83
-79.28
-79.54
-79.80
-80.19
-80.41
-80.61
-80.93
-81.08
-81.24
-81.47
-81.60
-81.72
-81.86
-81.95
-82.00
-82.05
-82.06
-82.07
-82.06
-82.05
-82.02
-81.93
-81.87
-81.77
-81.58
-81.44
-81.29
-81.02
-80.83
-80.64
-80.28
-80.06
-79.81
-79.38
-79.08
-78.59
-78.28
-77.95
-77.37
-77.02
-76.65
-75.99
-75.58
-75.15
-74.41
-73.96
-73.50
-72.69
-72.20
-71.68
-70.80
-70.25
-69.70
-68.76
-68.19
-67.60
-66.61
-65.99
-65.37
-64.35
-63.73
-63.12
-62.10
-61.50
-60.88
-59.87
-59.25
-58.64
-57.64
-57.05
-56.46
-55.48
-54.89
-54.29
-53.34
-52.76
-52.18
-51.24
-50.69
-50.14
-49.25
-48.73
-48.21
-47.36
-46.85
-46.37
-45.57
-45.10
-44.65
-43.91
-43.47
-43.05
-42.36
-41.97
-41.61
-41.00
-40.66
-40.32
-39.78
-39.47
-39.16
-38.69
-38.42
-38.18
-37.77
-37.55
-37.32
-36.97
-36.77
-36.57
-36.28
-36.12
-35.96
-35.71
-35.58
-35.44
-35.24
-35.12
-35.02
-34.86
-34.79
-34.72
-34.58
-34.51
-34.45
-34.35
-34.29
-34.25
-34.20
-34.18
-34.15
-34.12
-34.11
-34.11
-34.11
-34.13
-34.15
-34.19
-34.23
-34.27
-34.33
-34.38
-34.43
-34.53
-34.60
-34.67
-34.79
-34.88
-34.96
-35.12
-35.21
-35.29
-35.46
-35.57
-35.69
-35.87
-35.99
-36.11
-36.32
-36.44
-36.57
-36.79
-36.94
-37.19
-37.35
-37.50
-37.77
-37.93
-38.09
-38.39
-38.58
-38.78
-39.09
-39.30
-39.49
-39.83
-40.04
-40.26
-40.64
-40.88
149.92
-41.53
-41.78
-42.01
-42.45
-42.72
-43.00
-43.45
-43.73
-44.00
-44.48
-44.76
-45.06
-45.55
-45.86
-46.17
-46.70
-47.01
-47.32
-47.87
-48.18
-48.52
-49.08
-49.42
-49.76
-50.33
-50.66
-51.00
-51.58
-51.93
-52.30
-52.89
-53.26
-53.61
-54.22
-54.57
-54.93
-55.54
-55.92
-56.30
-56.93
-57.31
-57.68
-58.31
-58.68
-59.05
-59.68
-60.07
-60.45
-61.08
-61.45
-61.82
-62.45
-62.82
-63.22
-63.84
-64.22
-64.59
-65.22
-65.58
-65.97
-66.59
-66.99
-67.35
-67.96
-68.33
-68.70
-69.30
-69.67
-70.03
-70.63
-70.97
-71.31
-71.89
-72.24
-72.59
-73.15
-73.47
-73.77
-74.30
-74.61
-74.92
-75.42
-75.71
-75.96
-76.39
-76.63
-76.87
-77.23
-77.46
-77.63
-77.93
-78.10
-78.27
-78.52
-78.66
-78.79
-78.98
-79.08
-79.17
-79.31
-79.39
-79.44
-79.50
-79.51
-79.53
-79.53
-79.54
-79.51
-79.47
-79.41
-79.32
-79.25
-79.18
-79.02
-78.90
-78.78
-78.56
-78.44
-78.30
-78.03
-77.85
-77.66
-77.32
-77.11
-76.89
-76.49
-76.22
-75.97
-75.52
-75.25
-74.95
-74.44
-74.10
-73.77
-73.20
-72.86
-72.50
-71.88
-71.48
-71.08
-70.41
-70.00
-69.57
-68.84
-68.38
-67.93
-67.16
-66.70
-66.21
-65.38
-64.89
-64.40
-63.58
-63.08
-62.57
-61.74
-61.25
-60.77
-59.95
-59.46
-58.96
-58.16
-57.69
-57.23
-56.46
-55.99
-55.52
-54.75
-54.30
-53.87
-53.14
-52.71
-52.28
-51.58
-51.16
-50.76
-50.09
-49.70
-49.32
-48.70
-48.32
-47.97
-47.40
-47.07
-46.75
-46.22
-45.90
-45.59
-45.11
-44.83
-44.56
-44.13
-43.90
-43.67
-43.31
-43.11
-42.91
-42.63
-42.48
-42.35
-42.15
-42.05
-41.96
-41.83
-41.76
-41.70
-41.64
-41.62
-41.62
-41.62
-41.63
-41.63
-41.64
-41.64
-41.65
-41.67
-41.68
-41.70
-41.73
-41.76
-41.78
-41.83
-41.85
-41.88
-41.93
-41.96
-42.00
-42.06
-42.12
-42.17
-42.24
-42.30
-42.34
-42.44
-42.49
-42.55
-42.66
-42.73
-42.85
-42.93
-43.01
-43.14
-43.20
-43.29
-43.43
-43.52
-43.62
-43.78
-43.87
-43.96
-44.12
-44.22
-44.31
-44.47
-44.59
-44.70
-44.88
-44.99
-45.09
-45.28
-45.40
-45.54
-45.75
-45.88
-46.01
-46.24
-46.37
-46.53
-46.79
-46.94
-47.11
-47.37
-47.53
-47.69
-47.98
-48.15
-48.34
-48.64
-48.82
-49.00
-49.30
-49.49
-49.68
-50.01
-50.21
-50.39
-50.73
-50.92
-51.13
-51.48
-51.69
-51.90
-52.27
-52.48
-52.69
-53.06
-53.30
-53.54
-53.92
-54.14
-54.37
-54.75
-55.00
-55.23
-55.62
-55.85
-56.09
-56.49
-56.74
-56.98
-57.38
-57.62
-57.87
-58.29
-58.56
-58.81
-59.23
-59.47
-59.72
-60.16
-60.42
-60.68
-61.11
-61.34
-61.59
-62.00
-62.26
-62.52
-62.93
-63.16
-63.39
-63.80
-64.05
-64.31
-64.71
-64.95
-65.34
-65.56
-65.79
-66.17
-66.40
-66.62
-66.98
-67.18
-67.38
-67.73
-67.95
-68.16
-68.49
-68.69
-68.88
-69.20
-69.41
-69.62
-69.94
-70.13
-70.30
-70.59
-70.75
-70.93
-71.17
-71.31
-71.43
-71.62
-71.74
-71.92
-72.03
-72.12
-72.26
-72.33
-72.41
-72.52
-72.60
-72.65
-72.73
-72.76
-72.79
-72.82
-72.84
-72.86
-72.86
-72.84
-72.81
-72.76
-72.73
-72.70
-72.62
-72.57
-72.49
-72.37
-72.27
-72.19
-72.04
-71.95
-71.84
-71.64
-71.51
-71.37
-71.14
-71.00
-70.85
-70.58
-70.39
-70.20
-69.88
-69.68
-69.49
-69.14
-68.91
-68.68
-68.28
-68.03
-67.78
-67.35
-67.10
-66.82
-66.35
-66.05
-65.75
-65.25
-64.94
-64.66
-64.12
-63.80
-63.47
-62.93
-62.59
-62.25
-61.70
-61.38
-60.82
-60.48
-60.14
-59.59
-59.26
-58.93
-58.40
-58.09
-57.78
-57.25
-56.92
-56.59
-56.05
-55.74
-55.45
-54.93
-54.62
-54.32
-53.83
-53.55
-53.28
-52.82
-52.56
-52.28
-51.85
-51.59
-51.34
-50.93
-50.69
-50.45
-50.06
-49.83
-49.61
-49.28
-49.10
-48.93
-48.66
-48.50
-48.35
-48.14
-48.03
-47.93
-47.77
-47.68
-47.60
-47.51
-47.47
-47.44
-47.40
-47.38
-47.37
-47.37
-47.37
-47.39
-47.39
-47.41
-47.42
-47.44
-47.46
-47.49
-47.53
-47.56
-47.59
-47.63
-47.66
-47.69
-47.75
-47.80
-47.85
-47.92
-47.96
-47.99
-48.06
-48.11
-48.17
-48.26
-48.32
-48.37
-48.47
-48.51
-48.58
-48.68
-48.74
-48.81
-48.93
-49.00
-49.08
-49.20
-49.28
-49.36
-49.49
-49.56
-49.65
-49.81
-49.92
-50.02
-50.19
-50.30
-50.42
-50.63
-50.76
-50.87
-51.10
-51.23
-51.38
-51.61
-51.76
-51.89
-52.12
-52.28
-52.43
-52.67
-52.81
-52.95
-53.19
-53.35
-53.49
-53.74
-53.88
-54.04
-54.30
-54.46
-54.61
-54.86
-55.01
-55.18
-55.45
-55.71
-55.88
-56.03
-56.30
-56.46
-56.64
-56.93
-57.10
-57.26
-57.55
-57.73
-57.93
-58.23
-58.42
-58.61
-58.92
-59.11
-59.31
-59.64
-59.83
-60.02
-60.34
-60.54
-60.74
-61.04
-61.21
-61.38
-61.68
-61.86
-62.04
-62.32
-62.48
-62.65
-62.94
-63.11
-63.27
-63.52
-63.66
-63.81
-64.06
-64.22
-64.34
-64.54
-64.66
-64.78
-64.97
-65.09
-65.19
-65.36
-65.46
-65.57
-65.73
-65.82
-65.89
-66.02
-66.10
-66.19
-66.31
-66.37
-66.42
-66.50
-66.55
-66.61
-66.67
-66.70
-66.76
-66.79
-66.84
-66.89
-66.92
-66.92
-66.94
-66.96
-67.00
-67.01
-67.02
-67.01
-67.00
-67.00
-67.00
-66.97
-66.94
-66.91
-66.88
-66.87
-66.85
-66.82
-66.78
-66.74
-66.67
-66.64
-66.60
-66.53
-66.47
-66.41
-66.31
-66.27
-66.20
-66.08
-66.00
-65.92
-65.79
-65.73
-65.66
-65.54
-65.46
-65.39
-65.27
-65.21
-65.12
-64.99
-64.90
-64.82
-64.69
-64.62
-64.51
-64.34
-64.24
-64.15
-64.00
-63.91
-63.80
-63.66
-63.57
-63.50
-63.35
-63.26
-63.15
-63.00
-62.93
-62.84
-62.69
-62.58
-62.48
-62.34
-62.25
-62.17
-62.03
-61.94
-61.86
-61.75
-61.69
-61.61
-61.48
-61.40
-61.34
-61.23
-61.18
-61.12
-61.04
-60.98
-60.93
-60.86
-60.83
-60.79
-60.73
-60.68
-60.65
-60.61
-60.60
-60.58
-60.55
-60.53
-60.51
-60.48
-60.48
-60.47
-60.43
-60.41
40.60
-60.39
-60.39
-60.39
-60.39
-60.38
-60.37
-60.37
-60.39
-60.39
-60.37
-60.36
-60.35
-60.34
-60.35
-60.36
-60.35
-60.35
-60.34
-60.35
-60.36
-60.36
-60.36
-60.35
-60.35
-60.34
-60.35
-60.36
-60.37
-60.37
-60.38
-60.38
-60.39
-60.41
-60.41
-60.40
-60.40
-60.40
-60.40
-60.41
-60.42
-60.42
-60.43
-60.43
-60.44
-60.47
-60.49
-60.49
-60.51
-60.52
-60.52
-60.54
-60.57
-60.58
-60.60
-60.61
-60.61
-60.62
-60.63
-60.65
-60.67
-60.68
-60.68
-60.69
-60.69
-60.71
-60.73
-60.75
-60.76
-60.78
-60.78
-60.79
-60.82
-60.83
-60.86
-60.88
-60.89
-60.90
-60.92
-60.95
-60.97
-61.00
-61.01
-61.01
-61.04
-61.05
-61.07
-61.09
-61.10
-61.10
-61.12
-61.12
-61.15
-61.17
-61.19
-61.19
-61.22
-61.23
-61.25
-61.28
-61.30
-61.30
-61.32
-61.33
-61.34
-61.36
-61.39
-61.38
-61.41
-61.43
-61.45
-61.49
-61.51
-61.52
-61.53
-61.54
-61.56
-61.60
-61.62
-61.63
-61.65
-61.67
-61.70
-61.73
-61.74
-61.74
-61.78
-61.80
-61.84
-61.88
-61.89
-61.91
-61.95
-61.99
-62.02
-62.07
-62.09
-62.12
-62.17
-62.22
-62.25
-62.29
-62.31
-62.34
-62.39
-62.44
-62.46
-62.51
-62.53
-62.57
-62.62
-62.66
-62.71
-62.72
-62.75
-62.80
-62.84
-62.86
-62.90
-62.91
-62.92
-62.95
-62.97
-62.99
-63.00
-62.98
-62.97
-62.96
-62.97
-62.97
-62.95
-62.94
-62.92
-62.89
-62.89
-62.88
-62.85
-62.82
-62.79
-62.76
-62.75
-62.75
-62.73
-62.71
-62.68
-62.66
-62.63
-62.63
-62.59
-62.56
-62.53
-62.49
-62.48
-62.48
-62.45
-62.44
-62.41
-62.40
-62.39
-62.38
-62.35
-62.32
-62.30
-62.27
-62.27
-62.27
-62.23
-62.20
-62.17
-62.13
-62.11
-62.09
-62.03
-61.95
-61.84
-61.57
-61.32
-60.97
-60.12
-59.51
-58.84
-57.43
-56.44
-55.31
-52.98
-51.41
-49.77
-46.93
-45.15
-43.27
-40.05
-38.04
-35.91
-32.50
-30.65
-28.86
-26.20
-24.85
-23.59
-21.68
-20.72
-19.85
-18.62
-18.00
-17.42
-16.32
-15.70
-15.22
-14.98
-15.02
-14.94
-14.57
-14.23
-13.78
-13.01
-12.50
-11.88
-10.60
-9.68
-8.74
-7.33
-6.58
-6.09
-5.92
-6.14
-6.57
-7.69
-8.42
-9.02
-9.59
-9.68
-9.59
-9.20
-8.95
-8.69
-8.37
-8.18
-7.94
-7.39
-7.15
-7.07
-7.10
-7.12
-7.23
-7.20
-7.33
-7.69
-8.04
-8.47
-8.95
-9.15
-9.36
-9.55
-9.57
-9.57
-9.28
-8.99
-8.66
-8.18
-8.01
-7.97
