0.22
0.31
0.36
0.51
0.57
0.51
0.44
0.43
0.50
0.51
0.56
0.63
0.65
0.62
0.57
0.61
0.56
0.55
0.57
0.47
0.45
0.45
0.47
0.52
0.55
0.56
0.56
0.59
0.60
0.63
0.63
0.59
0.55
0.52
0.52
0.54
0.55
0.61
0.71
0.75
0.73
0.81
0.77
0.71
0.76
0.79
0.80
0.82
0.79
0.63
0.58
0.67
0.76
0.79
0.80
0.81
0.88
0.98
0.86
0.79
0.82
0.87
0.98
0.96
0.85
0.88
0.91
0.95
1.00
0.98
0.91
0.86
0.93
0.99
1.03
1.03
1.01
0.98
0.97
1.03
0.96
0.98
1.10
1.10
0.91
0.89
0.93
1.00
1.02
1.05
1.09
1.21
1.29
1.36
1.40
1.41
1.49
1.70
2.02
2.57
2.82
2.93
2.88
2.50
2.15
1.73
1.33
0.76
0.53
0.42
0.42
0.60
0.79
0.96
1.07
1.11
1.03
0.88
0.74
0.53
0.44
0.40
0.39
0.46
0.54
0.65
0.76
0.93
1.00
1.03
1.02
0.94
0.87
0.81
0.77
0.75
0.77
0.79
0.81
0.84
0.82
0.78
0.72
0.65
0.60
0.56
0.55
0.58
0.62
0.68
0.74
0.79
0.78
0.72
0.65
0.49
0.43
0.40
0.44
0.69
0.88
1.07
1.21
1.14
0.96
0.72
0.49
0.22
0.16
0.30
0.66
1.31
1.55
1.64
1.55
1.11
0.78
0.50
0.37
0.55
0.82
1.11
1.34
1.48
1.43
1.30
1.14
0.99
1.00
1.06
1.17
1.36
1.43
1.46
1.46
1.41
1.37
1.35
1.33
1.31
1.29
1.27
1.24
1.08
0.97
0.81
0.64
0.28
0.16
0.14
0.17
0.36
0.61
0.89
1.18
1.58
1.73
1.79
1.78
1.68
1.58
1.45
1.28
1.03
0.95
0.93
0.94
0.95
0.91
0.86
0.83
0.79
0.76
0.74
0.67
0.48
0.34
0.17
-0.02
-0.30
-0.49
-0.59
-0.63
-0.61
-0.46
-0.22
0.07
0.59
0.96
1.33
1.74
2.53
3.10
3.74
4.46
5.80
6.69
7.64
8.66
10.51
11.70
12.95
14.26
16.58
18.05
19.58
21.16
23.90
25.63
27.41
29.23
32.37
34.32
36.31
38.34
41.82
43.96
46.14
48.35
52.09
54.38
56.70
59.04
63.00
65.41
67.83
70.28
74.38
76.86
79.37
81.88
86.09
88.56
91.38
93.86
98.16
100.76
103.37
103.37
109.54
112.18
114.83
119.30
121.99
124.70
129.24
131.98
134.74
134.74
141.24
144.06
146.91
151.69
154.60
157.54
157.54
164.48
167.53
170.64
175.94
179.19
-177.52
-171.90
-168.43
-164.90
-161.30
-155.16
-151.37
-147.52
-147.52
-138.20
-134.08
-129.88
-122.69
-118.25
-113.75
-113.75
-102.92
-98.16
-93.45
-84.62
-79.61
-74.44
-69.18
-60.20
-54.72
-49.17
-43.52
-33.98
-28.18
-22.30
-16.36
-6.34
-0.22
5.93
12.10
22.47
28.75
35.07
41.39
51.94
58.29
64.63
70.97
81.49
87.64
94.30
100.52
110.99
117.24
123.48
123.48
138.01
144.23
150.45
160.83
167.13
173.43
173.43
-171.82
-165.43
-158.97
-148.09
-141.49
-134.83
-134.83
-119.01
-112.13
-100.50
-93.58
-85.83
-78.70
-66.44
-58.94
-51.36
-43.70
-30.79
-22.91
-14.98
-6.99
6.43
14.54
22.69
30.88
44.56
52.77
60.99
69.18
82.78
91.50
99.21
107.31
120.78
128.83
136.86
150.18
158.21
166.24
179.58
-172.41
-164.38
-150.91
-142.77
-134.58
-134.58
-115.27
-106.90
-98.49
-83.92
-75.34
-66.60
-57.77
-42.85
-33.79
-24.63
-15.36
0.21
9.61
19.04
28.50
44.36
53.90
63.42
72.92
88.36
98.31
107.72
107.72
126.46
142.01
151.32
160.60
160.60
-177.79
-168.56
-153.15
-143.86
-134.54
-118.92
-109.48
-100.02
-100.02
-77.40
-67.66
-57.80
-41.17
-31.05
-20.83
-10.54
6.74
17.15
27.60
38.10
55.65
66.18
76.67
87.01
104.68
115.08
125.45
125.45
149.56
159.80
170.00
-172.99
-162.84
-152.67
-152.67
-128.91
-118.68
-108.40
-91.79
-80.51
-70.04
-59.44
-41.51
-30.62
-19.65
-8.61
9.92
21.10
32.35
43.63
62.42
73.67
84.86
96.29
114.88
126.05
137.18
137.18
162.83
173.76
-175.33
-157.21
-146.37
-135.54
-117.46
-110.20
-92.35
-80.69
-69.61
-58.38
-39.42
-27.93
-16.36
-4.71
14.87
26.70
38.57
50.47
70.30
82.14
94.22
105.96
125.66
137.41
149.08
149.08
176.02
-172.49
-161.03
-142.00
-130.60
-119.20
-100.15
-87.95
-76.81
-65.12
-45.38
-33.42
-21.36
-9.21
11.16
23.48
35.85
48.28
69.03
81.42
94.05
106.34
126.93
139.22
151.39
171.54
-176.44
-164.48
-144.64
-132.78
-120.92
-101.12
-88.28
-76.83
-76.83
-52.42
-31.80
-19.32
-6.76
5.88
27.15
39.99
52.87
65.71
87.01
100.20
113.01
113.01
138.44
159.41
171.92
-175.64
-155.12
-142.87
-130.63
-110.22
-97.95
-85.17
-72.84
-51.92
-39.23
-26.44
-13.56
8.06
21.19
34.36
47.58
69.65
82.88
96.38
109.56
131.43
144.46
157.42
157.42
-172.64
-159.97
-147.37
-126.43
-113.84
-101.21
-79.76
-67.00
-54.11
-41.14
-19.31
-6.10
7.19
20.58
43.08
56.68
69.92
82.65
102.64
114.51
126.51
126.51
153.60
164.38
174.99
-167.51
-158.42
-151.34
-151.34
-141.27
-140.38
-141.10
-143.97
-145.32
-148.40
-149.95
-151.29
-151.29
-153.79
-154.56
-155.15
-155.79
-156.17
-156.58
-157.23
-157.65
-158.10
-158.10
-159.29
-159.89
-160.56
-161.70
-162.22
-162.67
-162.67
-163.17
-163.36
-163.64
-163.94
-163.89
-163.85
-163.30
-162.76
-162.38
-162.23
-162.09
-161.95
-161.95
-161.63
-161.44
-161.19
-160.67
-160.33
-160.02
-160.02
-159.15
-158.75
-158.31
-157.46
-156.91
-156.34
-156.34
-154.89
-154.22
-153.54
-152.32
-151.55
-150.73
-150.73
-148.67
-147.75
-146.16
-145.14
-144.10
-144.10
-141.49
-140.33
-139.13
-137.03
-135.72
-134.38
-132.07
-130.64
-129.16
-126.60
-125.02
-123.40
-123.40
-119.48
-117.73
-115.94
-112.88
-110.99
-109.07
-105.78
-103.75
-101.68
-101.68
-96.76
-94.61
-92.49
-88.26
-86.12
-83.83
-81.48
-77.49
-75.05
-72.59
-70.09
-65.89
-63.34
-60.76
-58.17
-53.81
-51.18
-48.53
-45.87
-41.41
-38.73
-36.04
-33.34
-28.85
-26.14
-23.44
-20.75
-16.26
-13.57
-10.90
-8.22
-3.80
-1.15
1.48
5.85
8.44
11.00
13.17
15.73
16.99
18.19
19.27
20.95
21.94
22.94
24.00
25.85
27.01
28.12
29.15
30.82
31.75
32.53
33.21
34.39
34.83
34.83
34.71
34.27
34.04
34.24
34.61
34.94
34.94
34.94
34.75
34.04
33.54
33.16
32.90
33.24
33.72
34.40
35.05
35.69
