-0.13
-0.13
-0.15
-0.13
-0.11
-0.12
-0.13
-0.17
-0.17
-0.14
-0.13
-0.12
-0.14
-0.15
-0.13
-0.09
-0.08
-0.08
-0.12
-0.14
-0.11
-0.08
-0.08
-0.08
-0.10
-0.11
-0.11
-0.06
-0.03
-0.02
-0.04
-0.05
-0.03
-0.00
-0.00
-0.01
-0.03
-0.04
-0.06
-0.06
-0.06
-0.07
-0.06
-0.02
-0.02
-0.03
-0.02
-0.04
-0.08
-0.15
-0.19
-0.11
-0.04
0.04
0.13
0.22
0.24
0.26
0.29
0.33
0.38
0.40
0.37
0.42
0.58
0.70
0.80
0.91
1.03
1.14
1.29
1.71
1.93
2.07
2.08
1.89
1.75
1.61
1.47
1.45
1.47
1.48
1.54
1.53
1.48
1.37
1.08
0.87
0.65
0.40
-0.09
-0.37
-0.60
-0.67
-0.65
-0.65
-0.68
-0.75
-0.86
-1.01
-1.18
-1.25
-1.29
-1.37
-1.51
-1.72
-2.41
-3.09
-3.86
-4.65
-6.04
-6.99
-8.02
-9.06
-10.85
-11.94
-13.06
-14.23
-16.29
-17.59
-18.97
-20.41
-22.98
-24.58
-26.25
-28.01
-31.22
-33.25
-35.32
-37.45
-41.15
-43.44
-45.82
-48.32
-52.97
-56.02
-59.14
-62.28
-67.52
-70.71
-73.91
-77.11
-82.43
-85.61
-88.53
-92.49
-97.81
-101.09
-104.41
-109.99
-113.35
-116.71
-120.09
-125.78
-129.24
-132.73
-136.25
-142.15
-145.70
-149.27
-152.87
-158.92
-162.58
-166.23
-169.89
-176.02
-179.70
176.61
172.91
166.75
163.07
159.36
155.66
149.52
145.86
142.21
137.37
133.76
130.18
126.64
120.80
117.32
113.89
110.49
104.88
101.57
98.30
95.09
88.88
86.32
83.28
80.23
75.20
72.23
69.30
66.41
61.69
58.88
56.09
53.32
48.76
46.07
43.39
40.73
36.31
33.70
31.11
28.54
24.29
21.75
19.23
16.74
12.61
10.14
7.70
5.25
1.22
-1.19
-3.58
-5.98
-9.94
-12.31
-14.67
-17.02
-20.95
-23.28
-25.62
-27.94
-31.82
-34.12
-36.42
-38.70
-42.50
-44.76
-47.03
-49.29
-53.05
-55.31
-57.57
-59.83
-63.62
-65.90
-68.19
-70.49
-74.35
-76.69
-79.03
-81.39
-85.30
-87.56
-91.21
-92.97
-96.93
-99.39
-101.88
-104.39
-108.61
-111.16
-113.75
-116.39
-120.84
-123.54
-126.26
-129.02
-133.70
-136.55
-139.41
-142.29
-147.15
-150.11
-153.09
-156.07
-161.08
-164.10
-167.16
-172.26
-175.33
-178.40
178.51
173.35
170.26
167.16
164.06
158.87
155.77
152.68
149.60
144.48
141.43
138.40
135.39
130.44
127.50
124.59
121.70
116.95
114.14
111.35
108.59
104.07
101.40
98.76
96.17
92.09
88.68
86.59
84.21
80.24
77.89
75.58
73.31
69.59
67.41
65.27
63.15
59.62
57.53
55.49
53.47
50.14
48.16
46.18
44.25
41.08
39.20
37.34
35.49
32.45
30.67
28.88
27.12
24.22
22.51
20.80
19.11
16.34
14.69
13.06
11.45
8.77
7.20
5.63
4.07
1.50
-0.03
-1.55
-4.06
-5.56
-7.05
-8.52
-10.97
-12.43
-13.89
-15.34
-17.75
-19.18
-20.61
-22.03
-24.38
-25.78
-27.19
-28.58
-30.89
-32.26
-33.61
-34.95
-37.18
-38.50
-39.81
-41.12
-43.28
-44.58
-45.87
-47.15
-49.31
-50.59
-51.87
-53.16
-55.31
-56.60
-57.89
-59.19
-61.38
-62.70
-64.03
-65.37
-67.63
-68.99
-70.37
-71.76
-74.11
-75.54
-76.97
-78.43
-80.87
-82.35
-83.84
-85.33
-87.74
-88.78
-91.68
-93.04
-95.63
-97.25
-98.90
-100.57
-103.41
-105.14
-106.89
-109.91
-111.77
-113.65
-115.56
-118.80
-120.79
-122.83
-124.89
-128.37
-130.49
-132.65
-134.85
-138.54
-140.79
-143.06
-145.37
-149.25
-151.60
-153.97
-156.36
-160.39
-162.82
-165.27
-167.73
-171.86
-174.35
-176.84
-179.34
176.47
173.96
171.44
168.92
164.71
162.18
159.65
157.11
152.92
150.41
147.92
145.44
141.35
138.93
136.52
134.14
130.21
127.88
125.57
123.28
119.51
117.29
115.09
112.92
109.35
107.25
105.18
103.14
99.80
97.86
95.94
94.09
91.39
88.50
86.99
84.19
82.51
80.85
79.23
76.57
75.00
73.42
71.89
69.40
67.93
66.47
65.03
62.68
61.30
59.94
58.60
56.40
55.11
53.84
52.59
50.55
49.35
48.18
47.02
45.13
44.02
42.94
41.87
40.13
39.11
38.11
37.14
35.55
34.61
33.71
32.82
31.36
30.52
29.69
28.88
27.58
26.82
26.07
25.35
24.18
23.49
22.83
22.18
21.14
20.53
19.94
19.38
18.45
17.92
17.41
16.91
16.12
15.66
15.22
14.79
14.12
13.73
13.35
12.99
12.42
12.10
11.79
11.50
11.04
10.78
10.53
10.15
9.94
9.75
9.56
9.28
9.14
9.00
8.89
8.72
8.62
8.55
8.49
8.42
8.39
8.39
8.39
8.42
8.46
8.50
8.57
8.71
8.81
8.92
9.04
9.28
9.44
9.61
9.79
10.13
10.34
10.57
10.81
11.24
11.51
11.80
12.10
12.62
12.95
13.30
13.66
14.28
14.66
15.07
15.49
16.21
16.66
17.13
17.60
18.42
18.94
19.47
20.01
20.94
21.52
22.12
22.72
23.77
24.42
25.08
25.76
26.92
27.63
28.37
29.11
30.39
31.17
31.97
32.79
34.17
35.03
35.90
36.79
38.30
39.23
40.17
41.13
42.76
43.76
44.78
46.51
47.56
48.64
49.72
51.56
52.68
53.83
54.99
56.95
58.15
59.36
60.58
62.66
63.91
65.20
66.49
68.67
69.99
71.33
72.68
74.96
76.34
77.74
79.14
81.50
82.94
84.38
85.81
88.14
89.09
91.62
92.99
95.49
97.06
98.64
100.26
103.00
104.65
106.31
108.01
110.91
112.67
114.46
116.25
119.25
121.10
122.96
124.83
127.98
129.87
131.78
133.72
136.96
138.89
140.85
142.81
146.11
148.08
150.05
152.04
155.35
157.34
159.32
161.31
164.62
166.59
169.88
171.84
173.80
177.04
178.97
-179.10
-177.18
-174.01
-172.12
-170.22
-168.35
-165.25
-163.42
-161.60
-159.79
-156.83
-155.10
-153.39
-151.71
-148.96
-147.33
-145.74
-144.17
-141.62
-140.12
-138.64
-137.19
-134.84
-133.47
-132.12
-130.80
-128.67
-127.42
-126.21
-125.03
-123.12
-122.02
-120.95
-119.91
-118.25
-117.29
-116.37
-115.47
-114.06
-113.25
-112.48
-111.74
-110.58
-109.93
-109.31
-108.72
-107.83
-107.34
-106.88
-106.45
-105.82
-105.48
-105.18
-104.75
-104.55
-104.37
-104.23
-104.06
-104.01
-103.99
-104.01
-104.12
-104.21
-104.35
-104.53
-104.89
-105.15
-105.44
-105.78
-106.40
-106.81
-107.26
-107.75
-108.64
-109.22
-109.83
-110.48
-111.64
-112.37
-113.14
-113.95
-115.37
-116.27
-117.20
-118.16
-119.84
-120.89
-121.97
-123.09
-125.01
-126.22
-127.45
-128.71
-130.87
-132.22
-133.59
-134.98
-137.38
-138.85
-140.35
-141.88
-144.49
-146.08
-147.70
-149.35
-152.14
-153.84
-155.56
-157.30
-160.26
-162.05
-163.87
-166.92
-168.78
-170.64
-172.52
-175.69
-177.60
-179.53
178.54
175.30
173.35
171.39
169.43
166.12
164.14
162.15
160.16
156.86
154.89
152.92
150.97
147.75
145.84
143.94
142.06
138.94
137.09
135.26
133.45
130.46
128.69
126.93
125.21
122.36
120.69
119.03
117.40
114.72
113.15
111.60
110.08
107.59
106.14
104.71
103.31
101.04
99.71
98.43
97.17
95.15
93.99
92.90
91.91
88.82
88.22
87.35
86.43
84.90
84.00
83.13
82.29
80.94
80.17
79.42
78.24
77.54
76.85
76.19
75.15
74.55
73.95
73.38
72.47
71.96
71.47
70.98
70.22
69.78
69.37
68.97
68.35
68.00
67.67
67.36
66.88
66.62
66.36
66.13
65.78
65.60
65.43
65.29
65.08
64.98
64.90
64.84
64.84
64.76
64.75
64.78
64.82
64.88
65.02
65.12
65.24
65.38
65.66
65.84
66.05
66.27
66.68
66.94
67.22
67.52
68.05
68.40
68.76
69.13
69.78
70.20
70.64
71.09
71.87
72.36
72.86
73.38
74.27
74.84
75.41
76.00
77.01
77.63
78.28
78.93
80.06
80.75
81.46
82.66
83.40
84.15
84.91
86.19
86.97
87.72
88.44
90.98
91.42
92.16
93.01
94.54
95.50
96.49
97.49
99.22
100.32
101.43
102.56
104.48
105.67
106.88
108.12
110.22
111.49
112.80
114.12
116.37
117.74
119.11
120.52
122.90
124.33
125.78
127.25
129.73
131.22
132.73
134.25
136.81
138.35
139.90
141.45
144.06
145.64
147.21
148.79
151.43
153.02
154.61
156.19
158.84
160.42
162.01
163.59
166.22
167.79
169.36
170.92
173.50
175.04
176.57
178.09
-179.38
-177.89
-176.40
-173.93
-172.46
-171.00
-169.55
-167.16
-165.75
-164.36
-162.99
-160.76
-159.46
-158.18
-156.93
-154.89
-153.69
-152.52
-151.38
-149.51
-148.43
-147.37
-146.33
-144.67
-143.70
-142.76
-141.85
-140.39
-139.55
-138.73
-137.94
-136.70
-135.98
-135.30
-134.64
-133.62
-133.03
-132.48
-131.97
-131.17
-130.73
-130.33
-129.96
-129.40
-129.11
-128.85
-128.63
-128.32
-128.18
-128.07
-127.98
-127.93
-127.94
-127.97
-128.04
-128.23
-128.38
-128.56
-128.78
-129.31
-129.61
-129.96
-130.59
-131.01
-131.46
-132.28
-132.82
-133.38
-134.38
-135.03
-135.69
-136.88
-137.63
-138.40
-139.76
-140.60
-141.48
-143.00
-143.95
-144.93
-146.61
-147.65
-148.71
-150.55
-151.67
-152.82
-154.80
-156.02
-157.24
-159.35
-160.64
-161.94
-164.16
-165.51
-166.89
-169.22
-170.63
-172.06
-174.47
-175.94
-177.41
-179.90
178.59
177.08
174.53
172.98
171.42
168.79
167.22
165.64
163.00
161.42
159.84
157.25
155.70
154.16
151.61
150.09
147.58
146.08
144.60
142.15
140.70
139.25
136.88
135.48
134.08
131.80
130.45
129.12
126.94
125.66
124.39
122.31
121.09
119.89
117.93
116.79
115.67
113.85
112.78
111.75
110.07
109.09
108.14
106.60
105.72
104.86
103.49
102.70
101.94
100.74
100.04
99.38
98.34
97.76
97.20
96.33
95.85
95.39
94.70
94.32
93.98
93.47
93.21
92.97
92.64
92.48
92.34
92.18
92.11
92.07
92.06
92.08
92.13
92.26
92.37
92.51
92.80
93.01
93.25
93.71
94.02
94.36
94.99
95.40
96.15
96.64
97.15
98.05
98.63
99.23
100.30
100.97
101.66
102.87
103.63
104.41
105.76
106.60
107.47
108.95
109.87
110.81
112.42
113.40
114.41
116.14
117.20
118.27
120.10
121.22
122.35
124.28
125.44
126.63
128.63
129.85
131.07
133.13
134.39
135.65
137.77
139.05
140.34
142.50
143.81
145.13
147.32
148.64
149.97
152.18
153.51
154.83
157.05
158.38
159.71
161.92
163.24
164.55
166.73
168.04
169.34
171.49
172.78
174.04
176.16
177.40
178.65
-179.30
-178.09
-176.09
-174.90
-173.72
-171.77
-170.62
-169.47
-167.62
-166.52
-165.45
-163.72
-162.72
-161.75
-160.16
-159.24
-158.34
-156.89
-156.05
-155.24
-153.93
-153.17
-152.45
-151.28
-150.62
-149.98
-148.97
-148.40
-147.85
-146.99
-146.51
-146.06
-145.37
-144.99
-144.63
-144.10
-143.82
-143.56
-143.20
-143.02
-142.87
-142.67
-142.59
-142.53
-142.50
-142.53
-142.58
-142.72
-142.84
-142.98
-143.29
-143.50
-143.74
-144.20
-144.51
-144.85
-145.47
-145.88
-146.62
-147.10
-147.61
-148.50
-149.07
-149.66
-150.70
-151.37
-152.05
-153.25
-154.00
-154.76
-156.10
-156.93
-157.78
-159.25
-160.16
-161.09
-162.68
-163.66
-164.66
-166.37
-167.41
-168.48
-170.30
-171.41
-172.54
-174.46
-175.63
-176.81
-178.80
179.98
178.76
176.69
175.43
174.16
172.01
170.71
169.40
167.20
165.89
164.58
162.39
161.10
159.81
157.67
156.38
155.11
153.00
151.73
150.47
148.41
147.18
145.95
143.94
142.74
141.55
139.61
138.45
137.31
135.43
134.32
133.24
131.45
130.40
129.36
127.67
126.67
125.69
124.11
123.17
122.25
120.49
119.63
118.80
117.46
116.68
115.91
114.70
113.99
113.31
112.23
111.61
111.01
110.06
109.52
109.01
108.20
107.76
107.33
106.67
106.32
105.98
105.48
105.21
104.97
104.62
104.44
104.29
104.09
104.01
103.95
103.92
103.93
103.96
104.07
104.18
104.30
104.58
104.77
104.98
105.40
105.68
105.99
106.55
106.91
107.31
108.00
108.45
108.92
109.75
110.28
110.83
111.79
112.40
113.44
114.10
114.77
115.94
116.66
117.40
118.67
119.47
120.27
121.65
122.50
123.36
124.82
125.73
126.65
128.20
129.15
130.10
131.73
132.71
133.71
135.39
136.42
137.45
139.18
140.23
141.29
143.06
144.13
145.21
147.01
148.10
149.18
151.02
152.11
153.21
155.04
156.14
157.24
159.08
160.18
161.27
163.09
164.18
165.26
167.06
168.13
169.19
170.96
172.00
173.04
174.77
175.78
176.80
178.47
179.45
-179.58
-177.97
-177.02
-176.09
-174.54
-173.62
-172.71
-171.23
-170.35
-169.49
-168.11
-167.30
-166.52
-165.28
-164.57
-163.87
-162.76
-162.13
-161.51
-160.53
-159.97
-159.43
-158.59
-158.11
-157.65
-156.94
-156.55
-156.17
-155.61
-155.30
-155.02
-154.59
-154.36
-154.16
-153.89
-153.75
-153.65
-153.51
-153.47
-153.45
-153.46
-153.50
-153.56
-153.72
-153.85
-154.00
-154.31
-154.52
-154.77
-155.22
-155.51
-155.83
-156.42
-156.81
-157.20
-157.93
-158.39
-158.89
-159.75
-160.29
-160.85
-161.84
-162.45
-163.09
-164.20
-164.89
-165.60
-166.82
-167.58
-168.36
-169.69
-170.51
-171.35
-172.78
-173.66
-174.56
-176.08
-177.01
-177.96
-179.56
179.46
178.47
176.79
175.75
174.71
172.95
171.88
170.80
169.03
167.95
166.88
165.12
164.06
163.00
161.23
160.18
159.13
157.37
156.33
155.29
153.57
152.55
151.53
149.85
148.85
147.85
146.22
145.24
144.28
142.71
141.77
140.84
139.33
138.44
137.56
136.12
135.28
134.45
133.09
132.30
131.52
130.26
129.52
128.80
127.63
126.95
125.85
125.23
124.60
123.61
123.04
122.49
121.60
121.10
120.61
119.85
119.41
119.00
118.35
117.99
117.65
117.11
116.82
116.55
116.15
115.93
115.73
115.46
115.32
115.20
115.05
114.99
114.95
114.92
114.93
114.96
115.07
115.15
115.27
115.49
115.65
115.84
116.18
116.41
116.67
117.13
117.43
117.76
118.34
118.71
119.10
119.79
120.22
120.68
121.47
121.97
122.48
123.38
123.94
124.51
125.50
126.11
126.74
127.80
128.46
129.14
130.29
131.00
131.71
132.93
133.68
134.44
135.72
136.50
137.29
138.63
139.44
140.26
141.64
142.48
143.32
144.75
145.61
146.47
147.92
148.79
149.67
151.14
152.03
152.91
154.40
155.29
156.17
157.66
158.55
159.44
160.91
161.79
162.67
164.12
165.00
165.86
167.30
168.14
168.99
170.39
171.22
172.04
173.39
174.20
174.99
176.30
177.07
177.83
179.08
179.82
-179.45
-178.27
-177.56
-176.86
-175.71
-175.05
-174.38
-173.31
-172.70
-172.09
-171.15
-170.61
-170.09
-169.28
-168.81
-168.37
-167.66
-167.26
-166.89
-166.31
-165.99
-165.69
-165.23
-164.97
-164.75
-164.41
-164.23
-164.08
-163.87
-163.77
-163.70
-163.61
-163.59
-163.59
-163.63
-163.68
-163.76
-163.92
-164.05
-164.20
-164.49
-164.69
-164.91
-165.33
-165.59
-165.89
-166.42
-166.76
-167.12
-167.77
-168.19
-168.61
-169.37
-169.85
-170.35
-171.21
-171.75
-172.31
-173.27
-173.87
-174.48
-175.54
-176.19
-176.86
-178.01
-178.71
-179.43
179.35
178.60
177.83
176.54
175.74
174.93
173.54
172.69
171.84
170.40
169.53
168.68
167.24
166.39
165.53
164.11
163.25
162.39
160.96
160.11
159.26
157.85
157.00
156.17
154.77
153.94
153.12
151.75
150.94
150.13
148.81
148.03
147.25
145.98
145.21
144.46
143.24
142.51
141.80
140.64
139.96
139.29
138.19
137.55
136.92
135.90
135.31
134.72
133.78
133.24
132.71
131.85
131.35
130.88
130.11
129.67
129.24
128.57
128.18
127.82
127.23
126.90
126.59
126.10
125.83
125.58
125.19
124.98
124.78
124.50
124.35
124.14
124.03
123.94
123.83
123.79
123.76
123.76
123.79
123.82
123.92
124.00
124.10
124.29
124.44
124.59
124.89
125.08
125.29
125.69
125.94
126.21
126.69
127.00
127.31
127.88
128.24
128.61
129.26
129.66
130.08
130.81
131.26
131.73
132.53
133.03
133.54
134.40
134.94
135.48
136.41
136.99
137.57
138.55
139.15
139.77
140.80
141.43
142.07
143.16
143.82
144.48
145.59
146.27
146.96
148.10
148.79
149.49
150.66
151.36
152.07
153.25
153.96
154.67
155.86
156.57
157.29
158.47
159.18
159.89
161.07
161.78
162.48
163.64
164.34
165.02
166.16
166.84
167.51
168.63
169.28
169.93
171.01
171.65
172.27
173.31
173.92
174.52
175.50
176.08
176.66
177.59
178.13
178.67
179.55
-179.94
-179.44
-178.63
-178.16
-177.69
-176.93
-176.48
-176.05
-175.34
-174.94
-174.55
-173.95
-173.62
-173.31
-172.85
-172.58
-172.35
-171.99
-171.80
-171.62
-171.37
-171.24
-171.13
-170.98
-170.93
-170.89
-170.86
-170.87
-170.89
-170.98
-171.05
-171.14
-171.33
-171.47
-171.62
-171.92
-172.12
-172.34
-172.74
-173.00
-173.28
-173.78
-174.10
-174.43
-175.03
-175.41
-175.80
-176.49
-176.93
-177.37
-178.14
-178.63
-179.11
-179.97
179.49
178.95
178.02
177.44
176.86
175.82
175.19
174.55
173.45
172.79
172.12
171.01
170.34
169.68
168.56
167.90
167.22
166.09
165.41
164.73
163.60
162.92
162.23
161.10
160.42
159.74
158.61
157.94
157.27
156.16
155.49
154.84
153.75
153.11
152.46
151.41
150.36
149.75
149.14
148.15
147.55
146.97
146.02
145.45
144.90
143.99
143.46
142.94
142.08
141.60
141.11
140.32
139.86
139.41
138.69
138.28
137.88
137.23
136.86
136.50
135.93
135.60
135.28
134.78
134.49
134.23
133.81
133.58
133.21
133.01
132.83
132.55
132.39
132.25
132.06
131.95
131.87
131.75
131.70
131.66
131.63
131.63
131.65
131.70
131.76
131.82
131.95
132.06
132.16
132.38
132.53
132.69
132.98
133.18
133.38
133.75
133.97
134.23
134.66
134.94
135.42
135.72
136.03
136.59
136.93
137.29
137.90
138.28
138.67
139.34
139.75
140.17
140.89
141.34
141.79
142.56
143.04
143.52
144.33
144.82
145.33
146.18
146.69
147.22
148.09
148.63
149.16
150.06
150.60
151.15
152.07
152.62
153.18
154.12
154.68
155.24
156.19
156.75
157.31
158.25
158.81
159.37
160.31
160.87
161.42
162.35
162.89
163.45
164.35
164.89
165.42
166.31
166.83
167.35
168.21
168.72
169.21
170.04
170.51
170.99
171.78
172.24
172.69
173.42
173.86
174.56
174.97
175.38
176.03
176.41
176.79
177.39
177.74
178.08
178.63
178.94
179.25
179.73
-179.99
-179.72
-179.30
-179.06
-178.81
-178.43
-178.21
-178.00
-177.68
-177.50
-177.34
-177.14
-177.04
-176.96
-176.87
-176.83
-176.81
-176.81
-176.82
-176.87
-176.96
-177.03
-177.13
-177.31
-177.43
-177.58
-177.85
-178.04
-178.23
-178.59
-178.83
-179.08
-179.52
-179.81
179.89
179.37
179.03
178.66
178.03
177.63
177.22
176.53
176.10
175.68
174.97
174.54
173.81
173.36
172.91
172.14
171.68
171.21
170.42
169.93
169.45
168.63
168.14
167.64
166.80
166.29
165.78
164.94
164.43
163.91
163.06
162.54
nan # -74.56
161.18
160.66
160.15
159.30
158.79
158.28
157.44
156.94
nan # -31.97
155.61
155.13
154.64
153.84
153.36
152.90
152.12
151.66
151.22
150.47
150.03
149.60
148.90
148.49
148.08
147.42
147.03
146.65
146.04
145.68
145.32
144.75
144.42
144.10
143.58
143.28
143.00
142.53
142.27
142.01
141.61
141.37
141.15
140.81
140.61
140.31
140.14
139.99
139.76
139.63
139.52
139.36
139.27
139.21
139.11
139.07
139.04
139.03
139.03
139.05
139.10
139.15
139.20
139.32
139.41
139.50
139.69
139.82
139.95
140.20
140.36
140.53
140.84
141.04
141.24
141.61
141.83
142.08
142.49
142.75
143.01
143.48
143.76
144.05
144.54
144.85
145.17
145.71
146.04
146.38
146.96
147.32
147.67
148.28
148.65
149.03
149.65
150.03
150.42
151.07
151.47
151.87
152.54
152.95
153.36
154.05
154.47
154.89
155.59
156.00
156.42
157.13
157.55
157.97
158.67
159.09
159.51
160.21
160.63
161.05
161.73
162.15
162.55
163.23
163.62
164.02
164.68
165.06
165.44
166.08
166.44
166.81
167.42
167.77
168.12
168.70
169.03
169.36
169.90
170.21
170.52
171.03
171.31
171.59
172.06
172.32
172.58
172.99
173.23
173.46
173.83
174.04
174.24
174.56
174.74
174.91
175.18
175.34
175.48
175.71
175.82
175.94
176.10
176.20
176.28
176.39
176.45
176.50
176.57
176.60
176.62
176.63
176.62
176.60
176.57
176.53
176.45
176.40
176.33
176.21
176.12
176.03
175.85
175.73
175.61
175.39
175.25
175.10
174.84
174.67
174.50
174.20
174.01
173.81
173.46
173.25
173.04
172.66
172.42
172.18
171.76
171.51
171.25
170.80
170.52
170.24
169.77
169.47
169.18
168.68
168.37
168.06
167.54
167.21
166.89
166.35
166.02
165.69
165.13
164.80
164.46
163.89
163.55
163.21
162.63
162.29
161.94
161.36
161.01
160.66
160.09
159.75
159.40
158.83
158.49
158.15
157.58
157.25
156.92
156.37
156.05
155.73
155.20
154.89
154.58
154.07
153.77
153.47
152.98
152.69
152.41
151.95
151.68
151.41
150.97
150.72
150.48
150.08
149.85
149.62
149.25
149.05
148.85
148.52
148.33
148.15
147.86
147.70
147.54
147.29
147.14
147.01
146.80
146.68
146.57
146.40
146.30
146.22
146.09
146.02
145.97
145.89
145.85
145.82
145.79
145.78
145.78
145.80
145.82
145.85
145.91
145.96
146.01
146.12
146.19
146.26
146.41
146.51
146.61
146.80
146.91
147.13
147.26
147.40
147.63
147.79
147.94
148.21
148.38
148.55
148.85
149.04
149.23
149.55
149.75
149.95
150.30
150.52
150.74
151.12
151.35
151.58
151.99
152.23
152.48
152.90
153.15
153.41
153.85
154.12
154.38
154.83
155.10
155.37
155.83
156.10
156.38
156.83
157.11
157.39
157.85
158.13
158.42
158.88
159.16
159.44
159.90
160.17
160.45
160.90
161.17
161.44
161.88
162.15
162.41
162.84
163.10
163.35
163.76
164.01
164.25
164.65
164.88
165.10
165.48
165.70
165.91
166.25
166.46
166.65
166.98
167.17
167.35
167.64
167.81
167.98
168.24
168.39
168.54
168.77
168.90
169.03
169.23
169.34
169.45
169.61
169.71
169.80
169.92
169.99
170.06
170.15
170.20
170.24
170.30
170.32
170.34
170.37
170.37
170.37
170.34
170.32
170.30
170.24
170.20
170.15
170.07
170.01
169.94
169.82
169.74
169.65
169.50
169.40
169.30
169.11
169.00
168.88
168.67
168.54
168.40
168.17
168.02
167.88
167.62
167.47
167.31
167.03
166.86
166.57
166.40
166.22
165.91
165.73
165.54
165.21
165.02
164.82
164.48
164.29
164.08
163.73
163.52
163.31
162.95
162.74
162.53
162.16
161.94
161.73
161.36
161.14
160.92
160.56
160.34
160.12
159.75
159.53
159.31
158.96
158.74
158.52
158.17
157.96
157.75
157.41
157.20
157.00
156.68
156.48
156.29
155.97
155.80
155.61
155.31
155.14
154.97
154.68
154.51
154.36
154.10
153.94
153.80
153.55
153.41
153.27
153.05
152.93
152.80
152.61
152.49
152.39
152.21
152.12
152.02
151.88
151.79
151.72
151.61
151.54
151.48
151.40
151.35
151.31
151.25
151.23
151.22
151.19
151.17
151.17
151.18
151.19
151.20
151.24
151.26
151.29
151.36
151.40
151.45
151.54
151.60
151.66
151.81
151.88
151.96
152.11
152.20
152.29
152.46
152.56
152.66
152.85
152.97
153.07
153.27
153.40
153.51
153.73
153.86
153.99
154.21
154.34
154.48
154.71
154.85
155.00
155.24
155.40
155.55
155.80
155.95
156.11
156.37
156.53
156.68
156.95
157.10
157.38
157.53
157.70
157.97
158.13
158.30
158.57
158.73
158.89
159.16
159.33
159.48
159.75
159.91
160.06
160.33
160.48
160.63
160.89
161.04
161.18
161.42
161.56
161.70
161.93
162.06
162.20
162.41
162.54
162.67
162.86
162.98
163.10
163.28
163.39
163.49
163.66
163.75
163.85
164.00
164.08
164.16
164.29
164.36
164.43
164.54
164.60
164.66
164.75
164.80
164.85
164.91
164.95
164.98
165.02
165.05
165.07
165.10
165.12
165.12
165.13
165.13
165.13
165.12
165.11
165.09
165.07
165.05
165.02
164.97
164.94
164.91
164.85
164.81
164.76
164.68
164.63
164.58
164.49
164.43
164.37
164.27
164.20
164.12
164.00
163.93
163.86
163.74
163.65
163.57
163.43
163.35
163.26
163.11
163.03
162.94
162.78
162.69
162.59
162.43
162.33
162.23
162.05
161.95
161.85
161.67
161.58
161.47
161.29
161.19
161.09
160.90
160.80
160.69
160.51
160.40
160.30
160.11
160.01
159.90
159.72
159.62
159.51
159.33
159.22
159.12
158.95
158.84
158.67
158.57
158.48
158.31
158.22
158.13
157.97
157.89
157.79
157.65
157.58
157.49
157.36
157.29
157.22
157.10
157.04
156.97
156.87
156.81
156.76
156.67
156.62
156.57
156.50
156.46
156.41
156.35
156.32
156.28
156.24
156.21
156.19
156.15
156.13
156.12
156.10
156.09
156.08
156.07
156.07
156.07
156.07
156.07
156.08
156.10
156.11
156.12
156.15
156.17
156.19
156.23
156.25
156.27
156.33
156.35
156.38
156.44
156.48
156.52
156.58
156.62
156.66
156.73
156.78
156.82
156.90
156.95
157.00
157.08
157.13
157.19
157.27
157.33
157.39
157.49
157.54
157.60
157.70
157.76
157.83
157.93
157.99
158.05
158.16
158.23
158.29
158.40
158.46
158.53
158.63
158.70
158.76
158.87
158.93
158.99
159.10
159.17
159.24
159.34
159.41
159.47
159.58
159.64
159.71
159.80
159.87
159.93
160.03
160.08
160.14
160.23
160.29
160.34
160.42
160.48
160.53
160.61
160.65
160.69
160.76
160.81
160.85
160.90
160.94
160.97
161.02
161.08
161.10
161.13
161.17
161.19
161.22
161.25
161.27
161.28
161.30
161.31
161.32
161.34
161.34
161.34
161.35
161.35
161.35
161.34
161.34
161.33
161.32
161.31
161.30
161.29
161.27
161.26
161.23
161.21
161.20
161.17
161.15
161.14
161.10
161.08
161.06
161.02
160.99
160.97
160.93
160.91
160.88
160.84
160.81
160.78
160.74
160.70
160.68
160.63
160.60
160.57
160.52
160.49
160.46
160.41
160.38
160.35
160.30
160.27
160.23
160.18
160.15
160.12
160.07
160.04
159.99
159.96
159.94
159.90
159.87
159.85
159.80
159.78
159.76
159.73
159.71
159.68
159.65
159.63
159.61
159.59
159.57
159.56
159.53
159.51
159.50
159.48
159.47
159.46
159.45
159.44
159.43
159.42
159.42
159.42
159.42
159.41
159.41
159.42
159.42
159.42
159.42
159.43
159.44
159.45
159.46
159.47
159.48
159.49
159.50
159.52
159.52
159.54
159.56
159.57
159.58
159.60
159.61
159.62
159.64
159.66
159.67
159.69
159.71
159.72
159.74
159.76
159.77
159.79
159.81
159.82
159.85
159.86
159.87
159.90
159.91
159.92
159.94
159.95
159.96
159.98
159.98
160.00
160.01
160.02
160.03
160.04
160.05
160.06
160.06
160.07
160.07
160.08
160.08
160.08
160.08
160.08
160.09
160.09
160.09
160.09
160.09
160.09
160.09
160.08
160.08
160.07
160.06
160.06
160.06
160.05
160.04
160.03
160.03
160.02
160.02
160.01
160.01
160.00
159.99
159.99
159.98
159.97
159.96
159.96
159.95
159.94
159.94
159.94
159.93
159.92
159.91
159.91
159.90
159.90
159.89
159.89
159.89
159.89
159.89
159.89
159.89
159.88
159.88
159.88
159.88
159.87
159.87
159.87
159.88
159.88
159.88
159.88
159.89
159.89
159.89
159.89
159.89
159.90
159.90
159.90
159.91
159.91
159.91
159.91
159.92
159.93
159.94
159.94
159.94
159.94
159.94
159.95
159.95
159.96
159.96
159.96
159.96
159.96
159.96
159.96
159.97
159.97
159.97
159.98
159.98
159.98
159.98
159.98
159.98
159.98
159.98
159.98
159.98
159.98
159.98
159.98
159.98
159.97
159.97
159.97
159.97
159.97
159.97
159.97
159.96
159.97
159.97
159.96
159.96
159.97
159.96
159.96
159.96
159.96
159.96
159.96
159.96
159.95
159.95
159.94
159.94
159.94
159.93
159.93
159.93
159.92
159.92
159.92
159.91
159.91
159.91
159.91
159.90
159.90
159.89
159.89
159.88
159.88
159.87
159.86
159.87
159.86
159.86
159.86
159.86
159.85
159.86
159.85
159.84
159.84
159.84
159.84
159.84
159.84
159.84
159.83
159.83
159.82
159.82
159.82
159.82
159.82
159.82
159.82
159.81
159.79
159.63
159.46
159.30
159.07
158.86
158.60
158.32
158.27
158.22
158.11
158.08
158.12
158.10
158.06
158.06
158.14
158.35
158.63
159.28
159.90
160.65
161.86
162.49
162.87
162.70
162.35
161.81
160.65
160.04
159.64
159.56
159.87
160.38
161.64
162.39
162.91
163.24
162.95
162.37
161.17
160.57
160.16
159.77
159.76
159.88
160.42
160.85
161.15
161.35
161.36
161.40
161.66
161.84
162.04
