-0.10
-0.10
-0.08
-0.06
-0.03
-0.01
-0.03
-0.06
-0.10
-0.13
-0.14
-0.15
-0.15
-0.15
-0.13
-0.13
-0.14
-0.15
-0.17
-0.20
-0.18
-0.16
-0.14
-0.12
-0.12
-0.13
-0.15
-0.14
-0.13
-0.13
-0.11
-0.10
-0.11
-0.13
-0.16
-0.18
-0.20
-0.20
-0.20
-0.19
-0.18
-0.17
-0.18
-0.21
-0.22
-0.25
-0.26
-0.30
-0.30
-0.29
-0.29
-0.30
-0.31
-0.33
-0.34
-0.34
-0.34
-0.34
-0.32
-0.32
-0.32
-0.34
-0.36
-0.41
-0.43
-0.45
-0.46
-0.45
-0.45
-0.45
-0.45
-0.45
-0.47
-0.50
-0.52
-0.52
-0.52
-0.50
-0.47
-0.46
-0.45
-0.45
-0.41
-0.39
-0.36
-0.33
-0.32
-0.32
-0.32
-0.34
-0.38
-0.40
-0.41
-0.42
-0.39
-0.36
-0.34
-0.31
-0.26
-0.22
-0.20
-0.18
-0.08
-0.00
0.10
0.28
0.73
1.06
1.36
1.62
1.94
2.10
2.24
2.41
2.64
2.74
2.78
2.81
2.85
2.91
2.99
3.10
3.31
3.45
3.60
3.74
4.02
4.18
4.32
4.43
4.48
4.41
4.25
4.01
3.42
2.97
2.50
2.06
1.43
1.15
0.89
0.67
0.36
0.19
-0.00
-0.20
-0.50
-0.65
-0.79
-0.86
-0.83
-0.78
-0.75
-0.73
-0.72
-0.64
-0.57
-0.50
-0.47
-0.51
-0.64
-0.83
-1.08
-1.61
-1.99
-2.44
-2.94
-3.85
-4.42
-4.99
-5.50
-6.05
-6.17
-6.14
-5.99
-5.56
-5.28
-5.03
-4.84
-4.56
-4.35
-4.11
-3.85
-3.43
-3.25
-3.12
-2.98
-2.76
-2.64
-2.52
-2.36
-2.06
-1.83
-1.59
-1.40
-1.25
-1.20
-1.18
-1.16
-1.26
-1.28
-1.25
-1.20
-0.97
-0.76
-0.53
-0.29
0.13
0.39
0.68
0.96
1.40
1.65
1.91
2.20
2.81
3.22
3.65
4.11
5.04
5.78
6.67
7.68
9.61
10.91
12.35
13.93
16.75
18.58
20.49
23.87
26.01
28.20
30.45
34.33
36.70
39.09
41.52
45.59
48.03
50.48
52.90
56.91
59.26
61.62
63.91
67.65
69.81
71.95
2.10
77.29
79.18
80.98
82.75
85.47
86.97
88.32
91.10
92.06
93.21
94.37
96.13
97.10
98.01
98.84
100.10
100.78
101.36
101.90
102.65
103.01
103.32
103.56
103.83
103.93
103.97
103.93
103.74
103.55
103.31
102.99
102.35
101.89
101.37
100.80
99.71
98.98
98.19
97.37
95.84
94.85
93.84
92.78
91.22
88.66
87.66
86.35
83.97
82.45
80.86
79.21
79.21
75.74
72.68
70.79
68.82
66.81
63.40
61.29
59.14
56.98
53.29
51.05
48.80
46.53
42.73
40.43
38.14
35.86
32.07
29.84
27.62
25.44
21.91
19.85
17.87
15.94
12.90
11.19
9.56
8.02
5.68
4.43
3.29
2.26
0.81
0.11
-0.47
-0.92
-1.38
-1.48
-1.47
-1.32
-0.80
-0.31
0.29
1.01
2.46
3.48
4.59
5.81
8.06
9.54
11.09
12.72
15.59
17.40
19.25
21.17
24.43
26.43
28.46
30.50
33.90
35.96
38.00
40.03
43.38
45.34
47.27
49.17
52.24
54.01
55.73
58.46
60.02
61.51
62.94
65.16
66.39
67.56
68.64
70.28
71.14
71.93
72.63
73.62
74.11
74.52
74.84
75.20
75.30
75.32
75.25
74.92
74.62
74.24
73.78
72.83
72.15
71.38
70.54
68.97
67.93
66.82
65.63
63.50
62.12
60.68
59.18
56.57
54.92
53.21
51.45
48.42
46.55
44.64
42.70
39.39
37.39
35.37
33.33
29.93
27.91
25.89
23.88
20.63
18.71
16.83
15.01
12.11
10.44
8.85
7.34
4.98
3.69
2.49
1.37
-0.27
-1.12
-1.84
-2.50
-3.64
-4.27
-4.77
-5.11
-5.44
-5.50
-5.43
-5.09
-4.69
-4.24
-3.85
-3.43
-3.26
-3.16
-3.21
-3.65
-4.05
-4.45
-4.81
-5.25
-5.40
-5.44
-5.40
-5.24
-5.06
-4.83
-4.58
-3.96
-3.21
-2.03
-0.16
4.52
7.94
11.48
14.98
20.75
24.26
27.94
31.79
38.25
42.03
45.69
49.19
54.94
58.48
61.99
65.47
71.00
74.09
77.02
79.88
84.57
87.21
91.02
92.78
96.56
98.67
100.75
102.79
106.04
107.85
109.53
111.09
113.54
114.93
116.24
117.49
119.44
120.49
121.46
122.40
123.85
124.66
125.42
126.12
127.17
127.73
128.26
129.06
129.47
129.83
130.16
130.60
130.82
131.00
131.14
131.27
131.29
131.27
131.23
131.06
130.91
130.72
130.47
129.99
129.65
129.27
128.85
128.05
127.51
126.92
126.29
125.12
124.37
123.54
122.66
121.06
120.03
118.92
117.76
115.66
114.30
112.87
111.36
108.66
106.93
105.11
103.21
99.81
97.65
95.41
93.13
88.23
85.85
83.14
80.29
75.29
72.14
68.89
65.55
59.75
56.16
52.51
48.78
42.43
38.54
34.64
30.69
24.10
20.13
16.20
12.28
5.87
2.09
-1.60
-7.41
-10.36
-12.92
-15.17
-18.25
-19.62
-20.64
-21.34
-21.75
-21.59
-21.24
-20.69
-19.28
-18.22
-17.03
-15.67
-13.35
-12.07
-10.98
-10.16
-9.29
-9.00
-8.79
-8.65
-8.39
-8.08
-7.58
-6.94
-5.53
-4.67
-3.89
-3.29
-2.74
-2.69
-2.79
-3.04
-3.63
-3.95
-4.13
-4.11
-3.50
-2.59
-1.12
0.94
5.69
9.35
13.71
18.87
29.78
37.49
45.63
53.84
67.17
74.95
82.71
91.15
103.58
111.19
118.63
125.87
137.59
144.57
151.61
158.62
170.26
177.26
-175.81
-168.81
-156.85
-149.51
-141.94
-134.23
-121.09
-112.92
-104.56
-95.96
-80.79
-71.58
-62.13
-52.45
-35.81
-25.59
-15.24
-4.79
12.90
23.62
34.36
45.07
62.87
73.47
83.92
94.58
111.61
121.78
131.88
141.86
158.30
168.08
177.87
-172.32
-155.81
-145.85
-135.73
-125.47
-107.93
-97.24
-85.94
-74.90
-55.73
-43.92
-31.92
-19.76
0.83
13.39
26.07
38.78
59.97
72.63
93.77
106.04
118.36
130.62
150.84
162.80
174.71
-173.42
-153.55
-141.52
-129.43
-117.22
-96.55
-83.60
-70.78
-48.73
-35.21
-21.51
-7.64
15.80
30.05
44.36
58.70
82.44
96.76
110.76
124.70
147.77
161.46
175.02
-171.48
-149.02
-135.45
-121.85
-103.53
-88.65
-75.38
-61.05
-36.61
-21.65
-6.48
8.82
34.69
50.37
66.08
81.71
107.75
123.14
138.44
153.64
178.51
-167.09
-152.99
-139.29
-118.09
-106.68
-96.34
-86.24
-70.95
-61.76
-52.62
-43.49
-28.44
-19.42
-10.65
0.96
9.34
17.33
24.99
37.13
43.96
50.20
57.55
62.17
66.04
69.22
72.72
73.79
74.11
73.76
71.89
70.74
67.07
64.42
61.44
58.21
52.59
49.06
45.38
41.65
35.50
31.77
27.99
24.30
18.29
14.73
11.23
7.81
2.42
-0.61
-3.42
-5.96
-9.67
-11.61
-13.33
-14.78
-16.59
-17.34
-17.76
-17.84
-17.56
-17.16
-16.68
-16.30
-16.06
-16.21
-16.60
-17.13
-17.95
-18.27
-18.43
-18.40
-18.01
-17.59
-17.10
-16.60
-15.64
-14.41
-12.84
-11.20
-8.93
-7.99
-7.05
-6.06
-4.19
-2.91
-1.54
-0.16
2.14
3.48
4.84
6.16
8.37
9.65
10.93
12.16
14.15
15.27
16.34
17.33
18.87
19.70
20.47
21.61
22.18
22.68
23.11
23.64
23.85
23.98
24.03
23.92
23.76
23.51
23.18
22.46
21.92
21.32
20.63
19.35
18.49
17.56
16.58
14.82
13.70
12.52
11.30
9.20
7.94
6.69
5.39
3.19
1.93
0.85
-0.08
-1.21
-1.65
-2.03
-2.42
-3.17
-3.56
-3.83
-3.91
-3.65
-3.25
-2.65
-1.84
-0.41
0.26
0.65
0.83
0.47
-0.23
-1.16
-2.24
-3.80
-4.33
-4.67
-4.83
-4.62
-4.38
-4.06
-3.74
-3.60
-3.76
-4.09
-4.60
-5.57
-5.82
-5.80
-5.55
