0.67
0.80
0.94
1.12
1.19
1.24
1.26
1.33
1.36
1.39
1.40
1.36
1.34
1.27
1.13
0.88
0.78
0.69
0.62
0.54
0.48
0.42
0.40
0.41
0.42
0.42
0.43
0.43
0.42
0.40
0.37
0.08
-0.25
-0.63
-0.97
-1.58
-2.04
-2.59
-178.45
-4.61
-5.77
-7.30
-9.29
-12.98
-15.14
-17.30
-19.27
-22.12
-23.50
-24.69
-25.71
-26.97
-27.46
-27.80
-28.00
-28.09
-28.08
-28.01
-27.92
-27.78
-27.70
-27.67
-27.71
-28.11
-28.55
-29.08
-29.70
-30.86
-31.62
-32.38
-33.15
-34.51
-35.32
-36.06
-37.07
-37.55
-37.89
-38.14
-38.50
-38.72
-38.89
-39.01
-39.16
-39.22
-39.28
-39.33
-39.41
-39.46
-39.44
-39.30
-38.98
-38.72
-38.32
-37.80
-36.76
-36.08
-35.49
-35.07
-34.91
-35.14
-35.55
-36.13
-37.30
-37.99
-38.58
-39.02
-39.39
-39.39
-39.24
-38.99
-38.33
-37.88
-37.41
-36.98
-36.43
-36.25
-36.20
-36.22
-36.31
-36.37
-36.40
-36.33
-35.94
-35.59
-35.15
-34.67
-33.85
-33.39
-33.01
-32.73
-32.46
-32.38
-32.32
-32.22
-31.85
-31.49
-31.07
-30.56
-30.15
-30.52
-31.21
-31.87
-32.48
-32.46
-32.11
-31.49
-30.12
-29.39
-29.08
-29.25
-29.57
-29.63
-29.56
-29.37
-29.14
-29.21
-29.44
-29.74
-30.12
-30.12
-30.15
-30.32
-30.93
-31.34
-31.63
-31.88
-31.98
-31.72
-31.47
-31.29
-31.22
-31.33
-31.48
-31.51
-31.23
-30.94
-30.71
-30.68
-31.09
-31.50
-31.92
-32.20
-32.35
-32.51
-32.75
-32.97
-32.99
-0.01
-0.03
-0.03
-0.05
0.01
0.00
-0.02
-0.02
-0.06
-0.13
-0.13
-0.10
-0.26
-0.43
-0.52
-0.50
-0.37
-0.36
-0.36
-0.55
-0.85
-1.19
-1.53
-2.07
-2.34
-2.62
-2.87
-3.20
-3.37
-3.49
-3.58
-3.48
-3.21
-2.80
-2.25
-1.06
-0.23
0.62
1.38
2.13
2.19
2.08
1.98
1.83
1.83
1.89
1.96
2.03
2.01
1.97
1.85
1.75
1.77
1.84
2.10
2.34
2.60
2.94
3.64
4.12
4.64
5.21
6.36
7.17
8.03
8.96
10.61
11.68
12.83
14.05
16.17
17.49
18.87
20.30
22.75
24.25
25.78
27.33
29.96
31.55
33.15
34.76
37.42
39.01
40.58
42.14
44.70
46.19
47.66
49.10
51.42
52.76
54.06
55.31
57.29
58.41
59.48
60.49
62.05
62.91
63.71
64.45
65.55
66.11
66.61
67.05
67.63
67.91
68.10
68.23
68.29
68.24
68.13
67.96
67.51
67.17
66.74
66.26
65.34
64.71
64.02
63.27
61.89
60.98
60.04
59.04
57.27
56.14
54.96
53.75
51.65
50.36
49.02
47.64
45.30
43.87
42.42
40.96
38.49
37.00
35.52
34.04
31.58
30.13
28.70
27.28
24.98
23.63
22.31
21.04
19.02
17.87
16.76
15.71
14.09
13.18
12.33
11.55
10.38
9.77
9.22
8.74
8.11
7.84
7.62
7.49
7.43
7.49
7.62
8.00
8.32
8.71
9.17
10.08
10.72
11.43
12.18
13.57
14.47
15.42
16.42
18.18
19.29
20.44
21.62
23.65
24.91
26.19
27.49
29.69
31.01
32.35
33.69
35.92
37.25
38.56
39.86
41.99
43.24
44.47
45.65
47.57
48.68
49.75
50.77
52.39
53.32
54.19
55.01
56.27
56.96
57.60
58.18
59.02
59.46
59.84
60.16
60.56
60.72
60.84
60.89
60.85
60.73
60.58
60.37
59.87
59.50
59.09
58.62
57.70
57.09
56.43
55.71
54.41
53.57
52.70
51.77
50.14
49.14
48.08
47.00
45.12
43.97
42.80
41.61
41.61
39.19
37.13
35.88
34.64
33.41
31.35
30.13
28.93
27.75
25.83
24.71
23.62
22.57
20.89
19.93
19.03
18.15
16.81
16.07
15.38
14.76
13.82
13.33
12.89
12.52
12.02
11.80
11.64
11.55
11.51
11.56
11.68
11.86
12.28
12.61
12.99
13.43
14.28
14.86
15.48
16.15
17.36
18.15
18.97
19.84
21.33
22.27
23.26
24.26
25.98
27.04
28.11
29.21
31.04
32.16
33.26
34.37
36.20
37.28
38.35
39.40
41.11
42.10
43.06
44.00
45.47
46.31
47.12
47.88
49.05
49.71
50.31
51.20
51.68
52.10
52.47
52.98
53.22
53.40
53.55
53.65
53.64
53.60
53.50
53.22
52.98
52.71
52.39
51.74
51.31
50.83
50.31
49.82
50.10
50.66
51.37
52.77
53.70
54.74
55.95
58.25
59.78
61.44
63.25
66.53
68.59
70.73
72.94
76.71
78.98
81.30
83.60
87.30
88.85
92.42
94.52
98.14
100.26
102.32
104.35
107.77
109.87
111.94
114.04
117.51
119.55
121.65
123.84
127.82
130.28
132.75
135.24
139.39
141.87
144.33
146.81
150.93
153.41
155.88
158.36
162.49
164.97
167.51
170.10
174.53
177.25
-179.93
-177.06
-171.98
-168.80
-165.47
-161.98
-155.83
-151.86
-147.74
-143.40
-135.64
-130.71
-125.51
-120.06
-110.40
-104.25
-97.88
-91.74
-79.19
-71.83
-64.21
-56.32
-42.75
-34.34
-25.74
-17.00
-2.18
6.81
15.86
24.95
40.06
49.06
57.99
66.81
81.22
88.82
98.27
106.45
119.84
127.73
135.50
143.18
155.83
163.38
170.93
178.49
-168.75
-161.00
-153.08
-145.01
-131.17
-122.60
-113.80
-104.75
-88.34
-79.15
-69.20
-52.03
-41.41
-30.61
-19.63
-1.04
10.26
21.63
33.04
51.98
63.23
74.38
85.32
103.59
114.19
124.66
134.98
151.94
161.99
171.99
-178.06
-161.31
-151.13
-140.84
-130.35
-112.55
-101.57
-91.31
-78.71
-59.09
-47.02
-34.74
-22.27
-1.13
11.74
24.70
37.65
59.17
71.97
84.58
97.34
117.81
129.89
141.81
153.58
172.97
-175.45
-163.89
-152.19
-132.53
-120.57
-108.41
-96.14
-74.81
-61.82
-48.63
-35.22
-12.42
1.50
15.57
29.69
53.25
67.30
80.95
94.44
114.82
122.93
143.19
155.12
166.76
177.99
-163.73
-152.72
-141.61
-130.53
-112.28
-101.42
-91.63
-80.00
-63.62
-54.65
-46.31
-38.73
-28.21
-23.35
-19.67
-17.15
-15.38
-15.46
-16.12
-17.21
-19.42
-20.93
-22.42
-23.84
-26.09
-27.32
-28.47
-29.49
-30.94
-31.66
-32.26
-32.75
-33.46
-33.90
-34.33
-34.72
-35.14
-35.26
-35.28
-35.27
-34.89
-34.43
-33.73
-32.88
-31.11
-29.83
-28.38
-26.64
-23.25
-21.20
-19.23
-17.27
-13.83
-11.76
-9.66
-7.65
-4.51
-2.55
-0.54
2.88
4.95
6.99
9.01
12.27
14.17
15.98
17.72
20.23
21.43
22.34
22.99
23.40
23.30
22.90
22.35
21.37
20.83
20.26
19.74
19.04
18.72
18.40
18.11
17.64
17.38
17.04
16.64
15.93
15.65
15.56
15.60
15.61
15.45
15.10
14.62
13.73
13.16
12.61
12.16
11.81
11.85
11.86
11.79
11.41
11.17
10.93
10.65
10.12
9.82
9.54
9.32
8.91
8.65
8.31
7.99
7.50
7.23
6.93
6.63
6.05
5.72
5.41
5.10
4.55
4.20
3.86
3.55
3.02
2.69
2.37
2.07
1.59
1.31
1.03
0.77
0.37
0.14
-0.07
-0.39
-0.56
-0.72
-0.86
-1.04
-1.13
-1.21
-1.26
-1.30
-1.31
-1.29
-1.25
-1.15
-1.06
-0.95
-0.83
-0.58
-0.41
-0.23
-0.04
0.33
0.57
0.81
1.07
1.52
1.80
2.10
2.40
2.91
3.22
3.54
3.85
4.39
4.71
5.03
5.34
5.86
6.16
6.45
6.73
7.19
7.45
7.70
7.94
8.32
8.52
8.71
8.88
9.15
9.30
9.47
9.66
10.16
10.58
11.07
11.57
12.42
12.76
13.09
13.45
14.07
14.43
14.71
14.87
14.89
14.85
14.76
14.59
14.27
14.02
13.76
13.47
13.01
12.75
12.59
12.45
12.14
11.98
11.81
11.58
10.91
10.32
9.69
9.11
8.16
7.81
7.73
7.90
8.36
8.44
