0.03
0.03
0.03
0.03
0.01
0.02
0.02
0.01
0.03
0.03
0.02
0.03
0.02
0.02
0.01
0.01
0.01
0.03
0.01
-0.00
0.01
0.01
0.01
-0.00
0.01
0.03
0.03
0.08
0.11
0.17
0.22
0.31
0.32
0.34
0.34
0.18
0.09
0.05
0.08
0.23
0.20
0.13
0.09
0.11
0.15
0.15
0.11
0.11
0.13
0.11
0.04
-0.13
-0.28
-0.57
-1.22
-2.05
-2.39
-2.74
-3.09
-3.85
-4.83
-6.01
-7.07
-8.71
-9.67
-10.67
-11.54
-12.46
-12.51
-12.02
-11.07
-8.81
-7.09
-5.07
-2.69
1.86
4.89
8.14
11.53
17.83
22.00
26.31
33.63
38.19
42.80
47.47
55.30
60.20
65.32
70.60
79.06
83.77
88.13
92.65
99.35
103.14
106.70
110.04
115.17
118.00
120.65
123.14
126.95
128.99
130.87
132.60
135.20
136.59
137.84
138.97
140.56
141.37
142.05
142.63
143.37
143.67
143.85
143.94
143.88
143.71
143.44
143.07
142.23
141.61
140.89
140.05
138.42
137.33
136.12
134.79
132.34
130.72
128.97
127.11
123.72
121.51
119.17
116.70
112.25
109.38
106.36
103.19
97.56
94.01
90.94
86.07
79.15
74.73
70.14
62.10
57.04
51.84
46.49
37.26
31.56
25.77
19.89
9.92
3.87
-2.18
-8.25
-18.32
-24.29
-30.20
-36.04
-45.51
-51.03
-56.39
-61.60
-69.94
-74.72
-79.31
-83.69
-91.34
-94.90
-98.63
-102.21
-107.82
-110.96
-113.92
-116.70
-120.97
-123.31
-125.48
-127.48
-130.46
-132.04
-133.46
-134.74
-136.53
-137.40
-138.13
-138.72
-139.36
-139.56
-139.61
-139.52
-139.05
-138.58
-137.95
-137.17
-135.55
-134.37
-133.04
-131.55
-128.71
-126.78
-124.68
-122.41
-118.25
-115.51
-112.59
-109.47
-103.91
-100.34
-96.60
-92.82
-85.23
-80.86
-76.26
-71.46
-63.02
-57.74
-52.33
-46.80
-37.27
-31.42
-25.48
-19.49
-9.37
-3.29
2.80
8.87
18.86
24.74
30.51
36.17
45.29
50.55
55.64
60.53
68.25
72.61
76.74
80.66
86.65
91.00
93.42
96.28
100.65
103.03
105.22
107.20
110.09
111.59
112.91
114.05
115.59
116.26
116.77
117.14
117.38
117.30
117.07
116.68
115.67
114.85
113.88
112.75
110.50
108.93
107.21
105.32
101.80
99.47
96.97
92.52
88.87
86.09
82.78
76.84
73.03
69.04
64.87
57.56
52.97
48.22
43.33
34.91
29.71
24.40
19.01
9.92
4.40
-1.14
-6.69
-15.89
-21.35
-26.76
-32.09
-40.74
-45.80
-50.70
-55.46
-63.06
-67.40
-71.57
-75.57
-81.82
-85.33
-88.43
-92.28
-97.02
-99.73
-102.26
-104.62
-108.15
-110.03
-111.73
-113.26
-115.43
-116.49
-117.37
-118.08
-118.90
-119.15
-119.23
-119.14
-118.59
-118.04
-117.30
-116.39
-114.48
-113.09
-111.53
-109.78
-106.46
-104.23
-101.81
-97.39
-94.53
-91.77
-87.56
-81.93
-78.18
-74.23
-70.12
-62.81
-58.22
-53.49
-48.63
-40.20
-34.98
-29.68
-24.30
-15.16
-9.62
-4.07
1.51
10.73
16.21
21.61
26.93
35.56
40.57
45.42
50.13
57.59
61.82
65.86
69.70
75.64
78.91
81.99
84.83
88.78
91.79
93.74
95.58
98.24
99.58
100.72
101.68
102.83
103.28
103.54
103.61
103.33
102.91
102.32
101.55
99.87
98.62
97.19
95.60
92.59
90.95
87.83
85.47
80.98
78.04
74.91
71.61
65.71
61.94
58.02
53.94
46.81
42.36
37.78
29.91
25.06
20.14
15.14
6.73
1.65
-3.44
-8.52
-16.92
-21.89
-26.80
-31.62
-39.44
-43.97
-48.36
-52.61
-59.37
-63.21
-66.89
-70.39
-75.83
-78.86
-81.72
-84.40
-88.23
-91.32
-93.02
-94.82
-97.48
-98.84
-100.03
-101.03
-102.31
-102.83
-103.17
-103.33
-103.20
-102.87
-102.35
-101.65
-100.09
-98.91
-97.55
-96.01
-93.11
-91.45
-88.11
-85.94
-81.56
-78.67
-75.58
-72.32
-66.49
-62.74
-58.83
-54.78
-47.70
-43.25
-38.69
-34.03
-26.02
-21.10
-16.13
-7.73
-2.66
2.41
7.47
15.81
20.74
25.59
30.35
38.04
42.47
46.75
50.89
57.40
61.06
64.55
67.84
72.88
75.64
78.20
80.55
83.98
85.75
87.29
88.53
91.14
91.79
92.37
92.78
93.07
92.98
92.71
92.26
91.22
89.11
88.41
87.16
84.50
82.64
80.57
# nan # -108.40
74.17
71.43
68.52
65.43
59.93
56.42
52.75
48.94
42.29
38.14
33.86
29.49
22.03
17.45
12.83
8.16
0.34
-4.36
-9.03
-13.69
-21.32
-25.83
-30.24
-34.56
-41.50
-45.49
-49.35
-53.05
-58.91
-62.19
-65.31
-70.15
-72.81
-75.28
-77.58
-81.00
-82.82
-84.45
-85.88
-87.77
-88.56
-88.91
-91.19
-91.56
-91.65
-91.64
-91.48
-91.14
-88.72
-88.14
-87.20
-85.08
-83.54
-81.79
-79.86
-76.24
-73.83
-71.23
-68.46
-63.41
-60.17
-56.79
-53.23
-46.97
-43.04
-38.98
-34.81
-27.61
-23.18
-18.67
-14.10
-6.39
-1.74
2.92
7.57
15.23
19.76
24.22
28.58
35.65
39.72
43.66
47.46
53.44
56.80
59.99
63.00
67.61
70.12
72.44
74.54
77.62
79.20
80.57
81.74
83.25
83.90
84.34
84.63
84.55
84.28
83.61
82.88
81.97
80.87
78.60
76.99
75.20
73.22
69.53
67.08
64.47
61.69
56.68
53.48
50.13
44.24
40.54
36.72
32.80
26.05
21.89
17.67
13.41
6.21
1.88
-2.46
-6.79
-13.95
-18.17
-22.34
-26.42
-33.04
-36.87
-40.58
-44.15
-49.81
-53.00
-56.05
-58.94
-63.38
-65.81
-68.07
-70.16
-73.23
-74.84
-76.26
-77.49
-79.14
-79.88
-80.45
-80.83
-81.07
-80.96
-80.68
-80.22
-79.05
-78.11
-76.98
-75.67
-73.10
-71.32
-69.34
-67.17
-63.19
-60.58
-57.78
-52.77
-49.57
-46.23
-42.76
-36.69
-32.89
-28.98
-24.99
-18.15
-13.96
-9.73
-5.47
1.69
5.96
10.23
14.45
21.38
25.44
29.41
33.28
39.48
43.02
46.42
49.67
54.76
57.58
60.24
62.71
66.43
68.41
70.21
71.80
74.04
75.12
76.01
76.71
77.44
77.63
77.61
77.42
76.67
75.96
75.07
74.00
71.81
70.25
68.52
66.61
63.06
60.70
58.18
55.51
50.74
47.68
44.49
41.19
35.41
31.81
28.12
24.35
17.91
13.97
10.00
6.01
-0.67
-4.67
-8.65
-12.59
-19.05
-22.85
-26.56
-32.54
-35.98
-39.31
-42.50
-47.52
-50.34
-53.02
-55.54
-59.36
-61.45
-63.36
-65.10
-67.61
-68.88
-69.97
-70.87
-71.98
-72.39
-72.63
-72.68
-72.35
-71.90
-71.27
-70.15
-69.09
-67.85
-66.42
-63.65
-61.77
-59.70
-57.47
-53.38
-50.73
-47.92
-44.97
-39.76
-36.49
-33.09
-29.58
-23.51
-19.77
-15.95
-12.07
-5.52
-1.56
2.40
6.37
12.92
16.80
20.62
24.38
30.45
33.96
37.35
40.62
45.80
48.71
51.48
54.09
58.05
60.21
62.19
63.99
66.59
67.91
69.04
69.98
71.15
71.60
71.86
71.94
71.65
71.23
70.63
69.86
68.16
66.91
65.49
63.89
60.85
58.82
56.63
54.29
50.06
47.34
44.48
41.51
36.28
33.01
29.64
26.18
20.27
16.65
12.98
9.27
3.06
-0.68
-4.40
-8.11
-14.19
-17.78
-21.29
-24.74
-30.29
-33.48
-36.57
-39.52
-44.16
-46.75
-49.21
-51.51
-55.00
-56.88
-58.61
-60.15
-62.37
-63.47
-64.39
-65.15
-66.00
-66.28
-66.38
-66.30
-65.77
-65.21
-64.47
-63.56
-61.66
-60.28
-58.73
-57.02
-53.81
-51.67
-49.38
-46.95
-42.58
-39.79
-36.87
-33.83
-28.52
-25.23
-21.83
-18.36
-12.44
-8.82
-5.16
-1.49
4.65
8.33
11.98
15.59
21.48
24.93
28.30
31.56
36.80
39.79
42.64
45.37
49.60
51.94
54.10
56.12
59.11
60.68
62.07
63.29
64.92
65.67
66.24
66.63
66.88
66.79
66.54
66.09
64.98
64.08
63.01
61.78
59.36
57.70
55.88
53.90
50.30
47.94
45.46
42.85
38.24
35.32
32.31
29.20
23.86
20.56
17.20
13.80
8.07
4.60
1.13
-2.35
-8.06
-11.46
-14.81
-18.11
-23.43
-26.52
-29.52
-32.41
-36.99
-39.57
-42.02
-44.32
-47.85
-49.78
-51.55
-53.17
-55.51
-56.69
-57.71
-58.57
-59.62
-60.03
-60.26
-60.32
-60.06
-59.67
-59.11
-58.38
-56.80
-55.63
-54.30
-52.82
-49.99
-48.10
-46.06
-43.88
-39.97
-37.45
-34.81
-32.05
-27.24
-24.21
-21.10
-17.91
-12.48
-9.17
-5.81
-2.42
3.25
6.66
10.05
13.40
18.88
22.12
25.29
28.38
33.31
36.13
38.84
41.42
45.44
47.66
49.74
51.67
54.54
56.06
57.41
58.60
60.20
60.93
61.50
61.90
62.18
62.13
61.90
61.52
60.49
59.66
58.67
57.53
55.27
53.72
52.01
50.16
46.79
44.59
42.26
39.82
35.50
32.78
29.97
27.07
22.08
19.01
15.89
12.72
7.39
4.16
0.94
-2.28
-7.58
-10.73
-13.83
-16.87
-21.78
-24.64
-27.40
-30.07
-34.28
-36.65
-38.90
-41.01
-44.22
-45.96
-47.56
-49.01
-51.08
-52.12
-53.01
-53.73
-54.57
-54.86
-54.99
-54.95
-54.53
-54.06
-53.44
-52.66
-51.02
-49.83
-48.48
-47.00
-44.20
-42.34
-40.34
-38.24
-34.45
-32.02
-29.48
-26.84
-22.24
-19.37
-16.43
-13.41
-8.29
-5.17
-2.01
3.26
6.42
9.56
14.75
17.81
20.80
25.65
28.46
31.18
35.49
37.92
40.26
43.85
45.83
47.68
50.44
51.89
53.20
55.03
55.92
56.66
57.52
57.82
57.96
57.85
57.57
57.12
56.04
55.18
54.18
52.18
50.79
49.26
46.40
44.52
42.51
38.90
36.59
34.18
29.95
27.30
24.58
19.89
17.01
14.09
9.15
6.15
3.15
-1.84
-4.81
-7.75
-12.57
-15.40
-18.17
-22.62
-25.18
-27.66
-31.55
-33.75
-35.83
-39.01
-40.73
-42.33
-44.69
-45.91
-46.98
-48.45
-49.12
-49.90
-50.16
-50.28
-50.11
-49.81
-49.36
-48.29
-47.45
-46.45
-44.50
-43.13
-41.64
-38.85
-37.02
-35.07
-31.56
-29.30
-26.96
-22.82
-20.23
-17.56
-12.97
-10.14
-7.28
-2.43
0.51
3.44
8.33
11.24
14.13
18.83
21.59
24.27
28.58
31.05
33.43
37.16
39.24
41.22
44.22
45.85
47.34
49.51
50.62
51.58
52.86
53.42
53.83
54.19
54.19
54.05
53.49
52.94
52.25
50.78
49.71
48.51
46.20
44.64
42.96
39.90
37.91
35.82
32.10
29.76
27.33
23.12
20.52
17.86
13.32
10.55
5.91
3.10
0.30
-4.33
-7.08
-9.78
-14.20
-16.77
-19.28
-23.29
-25.59
-27.79
-31.23
-33.16
-34.96
-37.69
-39.16
-40.50
-42.42
-43.39
-44.21
-45.28
-45.71
-46.01
-46.18
-46.08
-45.84
-45.14
-44.51
-43.77
-42.21
-41.10
-39.87
-37.52
-35.96
-34.27
-31.21
-29.22
-27.14
-23.45
-21.12
-18.72
-14.55
-11.97
-9.34
-4.88
-2.16
0.58
5.15
7.88
10.60
15.07
17.69
20.26
24.42
26.81
29.13
32.79
34.85
36.81
39.83
41.48
43.01
45.27
46.45
47.48
48.91
49.58
50.38
50.68
50.82
50.74
50.50
50.12
49.18
48.43
47.54
45.77
44.54
43.19
40.66
38.99
37.22
34.03
32.00
29.87
26.15
23.82
21.43
17.33
14.81
12.25
7.08
4.46
1.86
-2.47
-5.03
-7.58
-11.71
-14.15
-16.50
-20.29
-22.46
-24.55
-27.82
-29.66
-31.39
-34.02
-35.44
-36.73
-38.59
-39.53
-40.35
-41.41
-41.85
-42.16
-42.36
-42.30
-42.10
-41.47
-40.92
-40.23
-38.81
-37.79
-36.66
-34.49
-33.03
-31.46
-28.61
-26.77
-24.82
-21.38
-19.21
-16.97
-13.07
-10.66
-6.55
-4.04
-1.50
2.76
5.32
7.87
12.08
14.58
17.02
21.00
23.30
25.54
29.09
31.12
33.04
36.02
37.67
39.21
41.52
42.73
43.82
45.36
46.11
46.72
47.44
47.70
47.81
47.70
47.46
47.08
46.16
45.43
44.57
42.88
41.70
40.40
37.99
36.40
34.72
31.69
29.76
27.75
24.24
22.04
19.80
15.93
13.56
11.16
7.12
4.68
2.25
-1.80
-4.21
-6.58
-10.46
-12.73
-14.93
-18.49
-20.51
-22.47
-25.53
-27.24
-28.85
-31.32
-32.65
-33.86
-35.61
-36.48
-37.24
-38.20
-38.61
-38.88
-39.05
-38.97
-38.76
-38.15
-37.62
-36.96
-35.60
-34.63
-33.53
-31.46
-30.07
-28.58
-25.85
-24.09
-22.25
-18.98
-16.92
-14.80
-11.12
-8.85
-6.54
-2.62
-0.23
2.17
6.17
8.56
10.93
14.82
17.11
19.34
22.95
25.03
27.03
30.20
31.98
33.66
36.24
37.65
38.95
40.85
41.84
42.70
43.87
44.40
44.80
45.18
45.23
45.16
44.76
44.35
43.81
42.65
41.80
40.82
38.94
37.67
36.30
33.79
32.16
30.45
27.40
25.46
23.48
20.02
17.88
15.69
11.97
9.71
7.43
3.61
1.32
-2.47
-4.71
-6.93
-10.54
-12.64
-14.68
-17.95
-19.82
-21.62
-24.41
-25.97
-27.43
-29.66
-30.84
-31.92
-33.46
-34.22
-34.86
-35.64
-35.95
-36.14
-36.16
-36.01
-35.74
-35.02
-34.45
-33.74
-32.33
-31.33
-30.22
-28.14
-26.76
-25.27
-22.60
-20.88
-19.08
-15.92
-13.93
-11.89
-8.38
-6.22
-4.02
-0.31
1.94
4.19
7.93
10.16
12.36
15.96
18.07
20.13
23.43
25.32
27.13
29.98
31.57
33.08
35.36
36.59
37.72
39.35
40.17
40.88
41.80
42.19
42.46
42.64
42.58
42.22
41.84
41.34
40.26
39.46
38.55
36.79
35.60
34.30
31.94
30.41
28.80
25.94
24.13
22.25
19.00
16.99
14.93
11.43
9.31
7.16
3.58
1.43
-0.71
-4.23
-6.32
-8.36
-11.66
-13.57
-15.43
-18.38
-20.05
-21.65
-24.12
-25.49
-26.75
-28.65
-29.65
-30.54
-31.77
-32.36
-32.83
-33.35
-33.50
-33.53
-33.32
-33.04
-32.65
-31.75
-31.05
-30.25
-28.68
-27.60
-26.43
-24.25
-22.82
-21.30
-18.60
-16.87
-15.08
-11.97
-10.02
-8.03
-4.63
-2.56
-0.45
3.07
5.20
7.31
10.81
12.87
14.91
18.20
20.13
21.99
24.95
26.63
28.24
30.72
32.11
33.39
35.31
36.32
37.23
38.50
39.12
39.63
40.22
40.41
40.50
40.38
40.15
39.82
39.01
38.37
37.63
36.17
35.15
34.04
31.99
30.63
29.20
26.64
25.00
23.30
20.33
18.48
16.59
13.35
11.37
9.36
5.98
3.95
1.92
-1.43
-3.43
-5.39
-8.59
-10.45
-12.27
-15.16
-16.81
-18.40
-20.88
-22.25
-23.55
-25.51
-26.55
-27.49
-28.85
-29.53
-30.09
-30.79
-31.05
-31.21
-31.21
-31.06
-30.81
-30.14
-29.59
-28.44
-27.62
-26.69
-24.94
-23.75
-22.48
-20.18
-18.69
-17.13
-14.37
-12.63
-10.85
-7.76
-5.84
-3.91
-0.61
1.38
3.39
6.72
8.72
10.69
13.93
15.83
17.68
20.66
22.39
24.04
26.64
28.10
29.48
31.59
32.74
33.79
35.32
36.10
36.77
37.68
38.07
38.35
38.58
38.57
38.45
38.01
37.61
37.10
36.01
35.23
34.35
32.67
31.55
30.33
28.13
26.70
25.21
22.58
20.92
19.21
16.25
14.42
12.56
9.41
7.50
5.58
2.37
0.45
-1.45
-4.56
-6.40
-8.19
-11.09
-12.76
-14.37
-16.92
-18.36
-19.72
-21.82
-22.96
-24.02
-25.58
-26.40
-27.11
-28.07
-28.51
-28.85
-29.18
-29.24
-29.19
-28.86
-28.53
-28.09
-27.15
-26.44
-25.64
-24.09
-23.04
-21.90
-19.82
-18.46
-17.03
-14.50
-12.90
-11.23
-8.36
-6.57
-4.75
-1.66
0.23
2.13
5.30
7.20
9.08
12.19
14.02
15.81
18.71
20.38
21.99
24.54
25.99
27.36
29.46
30.61
31.67
33.23
34.04
34.75
35.72
36.15
36.49
36.83
36.89
36.84
36.54
36.22
35.80
34.87
34.19
33.41
31.91
30.89
29.78
27.77
26.46
24.12
22.64
21.10
18.40
16.73
15.01
12.09
10.29
8.48
5.45
3.62
1.79
-1.21
-2.99
-4.75
-7.60
-9.26
-10.87
-13.45
-14.91
-16.32
-18.49
-19.71
-20.84
-22.55
-23.45
-24.27
-25.42
-25.98
-26.45
-27.01
-27.22
-27.33
-27.27
-27.11
-26.85
-26.19
-25.67
-25.05
-23.81
-22.94
-21.99
-20.21
-19.03
-17.79
-15.55
-14.11
-12.62
-10.01
-8.39
-6.72
-3.87
-2.11
-0.33
2.65
4.45
6.25
9.22
10.99
12.73
15.57
17.22
18.83
21.39
22.85
24.25
26.42
27.62
28.75
30.45
31.36
32.17
33.13
33.44
33.63
33.77
33.66
33.47
33.33
33.44
33.60
33.82
34.27
34.77
35.73
36.27
36.77
37.75
38.43
39.13
39.86
39.83
39.36
38.06
37.68
37.74
38.43
39.08
39.69
